date,open,high,low,close,volume
2008-09-19,-0.37,2.38,-0.37,2.03,120003
2008-09-22,1.64,1.64,1.64,1.64,324
2008-09-23,1.28,1.28,1.28,1.28,33
2008-09-24,0.96,0.96,0.96,0.96,19
2008-09-25,0.67,0.67,0.67,0.67,77
2008-09-26,0.41,0.41,0.41,0.41,55
2008-10-06,0.18,0.18,0.18,0.18,113
2008-10-07,-0.03,-0.03,-0.03,-0.03,198
2008-10-08,-0.22,-0.22,-0.22,-0.22,336
2008-10-09,-0.39,-0.3,-0.39,-0.39,67519
2008-10-10,-0.54,-0.52,-0.54,-0.54,36421
2008-10-13,-0.57,-0.53,-0.65,-0.55,30348
2008-10-14,-0.54,-0.49,-0.68,-0.68,37085
2008-10-15,-0.68,-0.58,-0.71,-0.61,34689
2008-10-16,-0.68,-0.64,-0.74,-0.74,23611
2008-10-17,-0.72,-0.71,-0.81,-0.79,18780
2008-10-20,-0.78,-0.73,-0.81,-0.73,16416
2008-10-21,-0.75,-0.72,-0.78,-0.76,18144
2008-10-22,-0.76,-0.65,-0.79,-0.68,32221
2008-10-23,-0.71,-0.67,-0.75,-0.71,22195
2008-10-24,-0.71,-0.65,-0.72,-0.7,21779
2008-10-27,-0.72,-0.72,-0.82,-0.82,20164
2008-10-28,-0.86,-0.82,-0.89,-0.84,15711
2008-10-29,-0.82,-0.8,-0.86,-0.86,15453
2008-10-31,-0.85,-0.84,-0.93,-0.93,13881
2008-11-03,-0.93,-0.91,-0.94,-0.93,7948
2008-11-04,-0.94,-0.92,-0.98,-0.97,8345
2008-11-05,-0.96,-0.92,-0.96,-0.94,10677
2008-11-06,-0.96,-0.95,-0.99,-0.98,8092
2008-11-07,-1.01,-0.95,-1.02,-0.97,9485
2008-11-10,-0.95,-0.88,-0.95,-0.88,20434
2008-11-11,-0.87,-0.83,-0.89,-0.87,23235
2008-11-12,-0.87,-0.77,-0.88,-0.77,25599
2008-11-13,-0.76,-0.65,-0.76,-0.65,47054
2008-11-14,-0.65,-0.56,-0.69,-0.59,37909
2008-11-17,-0.59,-0.46,-0.63,-0.46,34455
2008-11-18,-0.47,-0.33,-0.61,-0.44,52617
2008-11-19,-0.45,-0.3,-0.51,-0.34,40204
2008-11-20,-0.4,-0.29,-0.44,-0.43,30937
2008-11-21,-0.49,-0.45,-0.56,-0.54,25198
2008-11-24,-0.54,-0.5,-0.65,-0.64,17219
2008-11-25,-0.6,-0.58,-0.67,-0.62,14853
2008-11-26,-0.62,-0.58,-0.64,-0.61,11520
2008-11-27,-0.52,-0.48,-0.56,-0.55,27857
2008-11-28,-0.58,-0.56,-0.64,-0.63,15145
2008-12-01,-0.68,-0.56,-0.68,-0.57,14484
2008-12-02,-0.61,-0.53,-0.62,-0.55,17634
2008-12-03,-0.52,-0.41,-0.52,-0.41,27753
2008-12-04,-0.33,-0.26,-0.33,-0.27,44159
2008-12-05,-0.28,-0.21,-0.35,-0.27,39336
2008-12-08,-0.27,-0.15,-0.3,-0.19,34399
2008-12-09,-0.21,-0.21,-0.35,-0.31,24808
2008-12-10,-0.33,-0.15,-0.34,-0.15,32363
2008-12-11,-0.15,-0.01,-0.19,-0.12,41210
2008-12-12,-0.16,-0.01,-0.26,-0.1,40627
2008-12-15,-0.09,0.0,-0.2,-0.14,32465
2008-12-16,-0.2,-0.16,-0.32,-0.23,24652
2008-12-17,-0.23,-0.1,-0.28,-0.17,30070
2008-12-18,-0.18,-0.16,-0.25,-0.21,20533
2008-12-19,-0.24,-0.15,-0.26,-0.17,36856
2008-12-22,-0.22,0.0,-0.22,0.0,52780
2008-12-23,0.02,0.12,-0.09,-0.08,71556
2008-12-24,-0.16,-0.09,-0.23,-0.16,35436
2008-12-25,-0.16,-0.11,-0.29,-0.22,33993
2008-12-26,-0.22,-0.14,-0.24,-0.2,29184
2008-12-29,-0.23,-0.2,-0.36,-0.28,25647
2008-12-30,-0.26,-0.23,-0.3,-0.26,22643
2008-12-31,-0.26,-0.23,-0.3,-0.28,17367
2009-01-05,-0.24,-0.21,-0.27,-0.22,19469
2009-01-06,-0.22,-0.05,-0.24,-0.08,33681
2009-01-07,-0.09,-0.05,-0.12,-0.11,23833
2009-01-08,-0.14,0.02,-0.17,0.0,42700
2009-01-09,0.0,0.1,0.0,0.04,40956
2009-01-12,0.07,0.08,0.02,0.02,26970
2009-01-13,-0.01,-0.01,-0.15,-0.15,28547
2009-01-14,-0.19,-0.08,-0.19,-0.08,18001
2009-01-15,-0.1,-0.08,-0.16,-0.14,20045
2009-01-16,-0.14,-0.06,-0.14,-0.13,16823
2009-01-19,-0.12,-0.1,-0.19,-0.12,16676
2009-01-20,-0.12,-0.07,-0.18,-0.09,16895
2009-01-21,-0.06,-0.02,-0.11,-0.06,18326
2009-01-22,-0.05,-0.02,-0.09,-0.04,17313
2009-01-23,-0.05,-0.02,-0.11,-0.11,13484
2009-02-02,-0.11,-0.07,-0.11,-0.07,10922
2009-02-03,-0.09,-0.04,-0.09,-0.05,15992
2009-02-04,-0.05,-0.04,-0.08,-0.05,17934
2009-02-05,-0.04,0.14,-0.04,0.11,46999
2009-02-06,0.12,0.26,0.07,0.23,44565
2009-02-09,0.24,0.28,0.18,0.27,36162
2009-02-10,0.27,0.27,0.18,0.23,25984
2009-02-11,0.2,0.4,0.16,0.24,31853
2009-02-12,0.24,0.27,0.13,0.19,20503
2009-02-13,0.18,0.26,0.16,0.25,21519
2009-02-16,0.26,0.3,0.23,0.3,26874
2009-02-17,0.34,0.4,0.27,0.28,35122
2009-02-18,0.22,0.25,0.09,0.09,24951
2009-02-19,0.11,0.16,0.09,0.14,14424
2009-02-20,0.14,0.22,0.1,0.2,14236
2009-02-23,0.2,0.28,0.16,0.24,13651
2009-02-24,0.22,0.24,0.1,0.11,20455
2009-02-25,0.14,0.17,0.04,0.1,13437
2009-02-26,0.12,0.18,-0.1,-0.06,16489
2009-02-27,-0.07,-0.07,-0.25,-0.25,16159
2009-03-02,-0.29,-0.21,-0.31,-0.22,9920
2009-03-03,-0.26,-0.21,-0.31,-0.25,12158
2009-03-04,-0.24,-0.12,-0.25,-0.12,17368
2009-03-05,-0.07,-0.03,-0.13,-0.07,21115
2009-03-06,-0.13,-0.09,-0.14,-0.12,9928
2009-03-09,-0.11,-0.09,-0.29,-0.25,10166
2009-03-10,-0.26,-0.1,-0.29,-0.1,15426
2009-03-11,-0.1,-0.06,-0.13,-0.12,16813
2009-03-12,-0.13,-0.12,-0.21,-0.16,8445
2009-03-13,-0.14,-0.1,-0.15,-0.13,9266
2009-03-16,-0.14,-0.09,-0.15,-0.11,6005
2009-03-17,-0.13,-0.02,-0.13,-0.05,13719
2009-03-18,-0.04,0.06,-0.05,0.0,17624
2009-03-19,-0.04,0.04,-0.04,0.03,13724
2009-03-20,0.03,0.03,-0.05,-0.02,14210
2009-03-23,-0.05,0.06,-0.05,0.02,14434
2009-03-24,0.05,0.11,0.01,0.08,18063
2009-03-25,0.08,0.09,0.04,0.06,13193
2009-03-26,0.06,0.08,0.01,0.08,11945
2009-03-27,0.09,0.1,0.07,0.09,12389
2009-03-30,0.09,0.29,0.09,0.29,34730
2009-03-31,0.3,0.51,0.26,0.42,48459
2009-04-01,0.44,0.47,0.36,0.41,29165
2009-04-02,0.4,0.46,0.38,0.41,20014
2009-04-03,0.41,0.65,0.4,0.65,35942
2009-04-07,0.71,0.87,0.71,0.76,40861
2009-04-08,0.69,0.75,0.57,0.58,33164
2009-04-09,0.55,0.83,0.46,0.83,36519
2009-04-10,0.69,1.0,0.65,0.79,67160
2009-04-13,0.73,0.85,0.72,0.76,36237
2009-04-14,0.73,0.89,0.7,0.83,34326
2009-04-15,0.76,0.9,0.76,0.8,26107
2009-04-16,0.82,0.85,0.64,0.67,26148
2009-04-17,0.65,0.65,0.53,0.57,18779
2009-04-20,0.53,0.62,0.51,0.59,11465
2009-04-21,0.57,0.68,0.54,0.66,16610
2009-04-22,0.63,0.67,0.4,0.4,22394
2009-04-23,0.34,0.41,0.3,0.38,14513
2009-04-24,0.38,0.46,0.38,0.39,10296
2009-04-27,0.39,0.39,0.26,0.27,9361
2009-04-28,0.27,0.35,0.26,0.31,7629
2009-04-29,0.31,0.47,0.3,0.42,15077
2009-05-04,0.43,0.51,0.41,0.48,10319
2009-05-05,0.49,0.57,0.49,0.51,10665
2009-05-06,0.51,0.55,0.45,0.52,9025
2009-05-07,0.54,0.55,0.41,0.45,10626
2009-05-08,0.45,0.45,0.34,0.37,9387
2009-05-11,0.39,0.44,0.3,0.3,9721
2009-05-12,0.26,0.36,0.26,0.36,6370
2009-05-13,0.4,0.44,0.37,0.44,9688
2009-05-14,0.47,0.47,0.41,0.44,8680
2009-05-15,0.44,0.45,0.39,0.41,7675
2009-05-18,0.41,0.44,0.38,0.43,7043
2009-05-19,0.43,0.45,0.36,0.39,11981
2009-05-20,0.41,0.41,0.35,0.35,10559
2009-05-21,0.34,0.35,0.24,0.27,10806
2009-05-22,0.27,0.32,0.27,0.3,7362
2009-05-25,0.29,0.34,0.23,0.34,8488
2009-05-26,0.34,0.46,0.34,0.39,18200
2009-05-27,0.39,0.43,0.33,0.42,10546
2009-06-01,0.45,0.45,0.4,0.43,12740
2009-06-02,0.45,0.45,0.4,0.41,11969
2009-06-03,0.41,0.44,0.39,0.41,14327
2009-06-04,0.42,0.42,0.32,0.39,13804
2009-06-05,0.39,0.46,0.33,0.43,19447
2009-06-08,0.42,0.42,0.37,0.4,8829
2009-06-09,0.4,0.41,0.36,0.37,7784
2009-06-10,0.39,0.42,0.37,0.41,9054
2009-06-11,0.41,0.61,0.4,0.51,28945
2009-06-12,0.47,0.5,0.38,0.4,15593
2009-06-15,0.39,0.39,0.34,0.37,9010
2009-06-16,0.35,0.35,0.31,0.34,10855
2009-06-17,0.34,0.36,0.33,0.36,6282
2009-06-18,0.36,0.37,0.34,0.35,6700
2009-06-19,0.35,0.35,0.3,0.31,11733
2009-06-23,0.29,0.38,0.23,0.36,14750
2009-06-24,0.35,0.38,0.32,0.33,9111
2009-06-25,0.35,0.38,0.31,0.35,11522
2009-06-26,0.35,0.37,0.33,0.34,10013
2009-06-29,0.34,0.34,0.28,0.29,11867
2009-06-30,0.28,0.31,0.26,0.26,7583
2009-07-01,0.26,0.28,0.24,0.27,8276
2009-07-02,0.27,0.29,0.25,0.26,8820
2009-07-03,0.26,0.28,0.24,0.26,7664
2009-07-06,0.25,0.28,0.24,0.26,7558
2009-07-07,0.27,0.35,0.26,0.32,18911
2009-07-08,0.32,0.32,0.28,0.31,11743
2009-07-09,0.31,0.51,0.3,0.45,33977
2009-07-10,0.44,0.45,0.38,0.4,18469
2009-07-13,0.41,0.46,0.39,0.41,15426
2009-07-14,0.43,0.44,0.4,0.43,13163
2009-07-15,0.44,0.48,0.43,0.48,21516
2009-07-16,0.49,0.51,0.38,0.42,15555
2009-07-17,0.41,0.46,0.41,0.45,13041
2009-07-20,0.44,0.62,0.43,0.58,35990
2009-07-21,0.57,0.57,0.45,0.46,25072
2009-07-22,0.45,0.49,0.45,0.46,12158
2009-07-23,0.45,0.47,0.41,0.42,14288
2009-07-24,0.43,0.48,0.38,0.44,12400
2009-07-27,0.43,0.52,0.41,0.49,17765
2009-07-28,0.53,0.53,0.45,0.51,20371
2009-07-29,0.51,0.61,0.33,0.55,46114
2009-07-30,0.55,0.58,0.43,0.49,24239
2009-07-31,0.49,0.62,0.49,0.59,40018
2009-08-03,0.58,0.67,0.55,0.63,35179
2009-08-04,0.61,0.65,0.53,0.63,24623
2009-08-05,0.64,0.7,0.59,0.66,29362
2009-08-06,0.65,0.65,0.57,0.57,17296
2009-08-07,0.55,0.58,0.48,0.48,16824
2009-08-10,0.49,0.52,0.45,0.46,8350
2009-08-11,0.48,0.5,0.46,0.49,6620
2009-08-12,0.49,0.5,0.28,0.3,13822
2009-08-13,0.29,0.34,0.28,0.31,7763
2009-08-14,0.33,0.42,0.3,0.3,15838
2009-08-17,0.29,0.34,0.08,0.09,12275
2009-08-18,0.06,0.13,0.05,0.11,7290
2009-08-19,0.08,0.12,-0.09,-0.07,9665
2009-08-20,-0.1,0.0,-0.11,-0.01,11630
2009-08-21,-0.01,0.04,-0.04,0.03,11738
2009-08-24,0.03,0.15,0.02,0.11,16137
2009-08-25,0.12,0.12,0.0,0.02,11584
2009-08-26,0.02,0.09,-0.01,0.07,10324
2009-08-27,0.07,0.14,0.06,0.12,12413
2009-08-28,0.12,0.22,0.09,0.2,21071
2009-08-31,0.17,0.2,0.09,0.14,20714
2009-09-01,0.14,0.14,0.04,0.09,12069
2009-09-02,0.1,0.18,0.08,0.16,18647
2009-09-03,0.14,0.24,0.11,0.21,24736
2009-09-04,0.21,0.24,0.18,0.23,17497
2009-09-07,0.27,0.29,0.19,0.2,22566
2009-09-08,0.18,0.2,0.15,0.19,14156
2009-09-09,0.19,0.22,0.13,0.21,14900
2009-09-10,0.21,0.21,0.14,0.16,9782
2009-09-11,0.15,0.2,0.15,0.17,8970
2009-09-14,0.17,0.32,0.16,0.32,23524
2009-09-15,0.34,0.53,0.34,0.39,52235
2009-09-16,0.36,0.39,0.29,0.36,20977
2009-09-17,0.34,0.45,0.32,0.43,23641
2009-09-18,0.44,0.45,0.24,0.3,20596
2009-09-21,0.23,0.27,0.1,0.22,25494
2009-09-22,0.22,0.22,0.15,0.22,23807
2009-09-23,0.2,0.22,0.16,0.17,15544
2009-09-24,0.17,0.19,0.06,0.1,12356
2009-09-25,0.1,0.12,0.06,0.07,7973
2009-09-28,0.1,0.11,-0.08,-0.06,8545
2009-09-29,-0.04,-0.03,-0.11,-0.08,8065
2009-09-30,-0.06,-0.03,-0.08,-0.08,9222
2009-10-09,-0.06,0.03,-0.06,0.03,10686
2009-10-12,0.04,0.07,0.01,0.05,10322
2009-10-13,0.05,0.06,0.02,0.06,6420
2009-10-14,0.06,0.11,0.05,0.06,11775
2009-10-15,0.07,0.15,0.07,0.1,17708
2009-10-16,0.1,0.14,0.08,0.13,15799
2009-10-19,0.13,0.14,0.1,0.14,13009
2009-10-20,0.15,0.22,0.13,0.22,19438
2009-10-21,0.26,0.34,0.23,0.23,37736
2009-10-22,0.23,0.45,0.22,0.45,80634
2009-10-23,0.45,0.5,0.41,0.5,65688
2009-10-26,0.5,0.74,0.48,0.74,75716
2009-10-27,0.82,0.93,0.74,0.77,83645
2009-10-28,0.74,0.88,0.71,0.85,60096
2009-10-29,0.77,0.83,0.69,0.74,37687
2009-10-30,0.78,0.79,0.69,0.73,32399
2009-11-02,0.66,0.86,0.63,0.86,52332
2009-11-03,0.83,0.87,0.81,0.85,31191
2009-11-04,0.85,1.09,0.78,1.02,52875
2009-11-05,0.98,1.01,0.93,0.97,21477
2009-11-06,0.96,1.02,0.94,0.97,21341
2009-11-09,0.95,0.97,0.84,0.91,26827
2009-11-10,0.9,0.96,0.87,0.95,18429
2009-11-11,0.95,0.95,0.87,0.9,12587
2009-11-12,0.91,0.96,0.89,0.91,13312
2009-11-13,0.91,1.04,0.89,0.99,26029
2009-11-16,1.0,1.28,1.0,1.28,35468
2009-11-17,1.21,1.28,1.15,1.21,19772
2009-11-18,1.21,1.27,1.16,1.23,16706
2009-11-19,1.19,1.3,1.16,1.29,14817
2009-11-20,1.26,1.32,1.21,1.24,10504
2009-11-23,1.21,1.24,1.17,1.21,18834
2009-11-24,1.21,1.26,1.04,1.04,14995
2009-11-25,0.99,1.15,0.99,1.13,11925
2009-11-26,1.11,1.12,0.83,0.84,25910
2009-11-27,0.83,0.89,0.73,0.77,22390
2009-11-30,0.83,0.94,0.8,0.93,16534
2009-12-01,0.93,1.17,0.92,1.1,20731
2009-12-02,1.1,1.13,1.06,1.12,16019
2009-12-03,1.08,1.2,1.08,1.14,11926
2009-12-04,1.1,1.22,0.95,1.03,18560
2009-12-07,1.03,1.17,1.0,1.1,12291
2009-12-08,1.12,1.19,1.04,1.15,15256
2009-12-09,1.13,1.15,1.01,1.05,11019
2009-12-10,1.05,1.16,1.04,1.15,11943
2009-12-11,1.14,1.32,1.12,1.25,26283
2009-12-14,1.26,1.39,1.21,1.23,27281
2009-12-15,1.23,1.23,1.14,1.18,17469
2009-12-16,1.17,1.17,1.1,1.14,8853
2009-12-17,1.13,1.14,0.97,0.99,13647
2009-12-18,0.99,1.01,0.84,0.87,11015
2009-12-22,0.91,0.98,0.84,0.9,10836
2009-12-23,0.9,0.96,0.86,0.93,7907
2009-12-24,0.92,1.13,0.91,1.09,12841
2009-12-25,1.24,1.33,1.17,1.25,34985
2009-12-28,1.26,1.36,1.26,1.29,25694
2009-12-29,1.26,1.58,1.22,1.51,37367
2009-12-30,1.49,1.54,1.34,1.42,28218
2009-12-31,1.37,1.49,1.33,1.37,29841
2010-01-04,1.37,1.56,1.34,1.54,26435
2010-01-05,1.45,1.67,1.45,1.64,29476
2010-01-06,1.6,1.64,1.51,1.52,13398
2010-01-07,1.5,1.67,1.48,1.54,26482
2010-01-08,1.54,1.6,1.48,1.53,13071
2010-01-11,1.53,1.7,1.49,1.67,30391
2010-01-12,1.72,2.03,1.72,1.97,65211
2010-01-13,1.86,2.25,1.79,2.01,73776
2010-01-14,2.04,2.13,1.94,2.05,27653
2010-01-15,2.01,2.19,2.0,2.06,20918
2010-01-18,2.05,2.44,2.0,2.35,31544
2010-01-19,2.33,2.39,2.15,2.24,24301
2010-01-20,2.24,2.24,1.83,1.88,32539
2010-01-21,1.87,1.96,1.72,1.92,17975
2010-01-22,1.84,1.86,1.65,1.73,19192
2010-01-25,1.7,1.8,1.67,1.75,10531
2010-01-26,1.73,1.79,1.44,1.53,14509
2010-01-27,1.53,1.7,1.46,1.61,26184
2010-01-28,1.55,1.69,1.55,1.68,16885
2010-01-29,1.67,1.84,1.62,1.76,22277
2010-02-01,1.76,1.78,1.63,1.74,13825
2010-02-02,1.76,1.79,1.63,1.64,18966
2010-02-03,1.64,1.66,1.38,1.52,16450
2010-02-04,1.52,1.62,1.46,1.56,10498
2010-02-05,1.49,1.51,1.4,1.5,11110
2010-02-08,1.5,1.51,1.43,1.5,5835
2010-02-09,1.46,1.54,1.46,1.5,4450
2010-02-10,1.54,1.76,1.51,1.71,16227
2010-02-11,1.71,1.72,1.62,1.62,7794
2010-02-12,1.6,1.7,1.57,1.66,6251
2010-02-22,1.66,1.86,1.64,1.81,14653
2010-02-23,1.81,1.96,1.77,1.93,12530
2010-02-24,1.89,2.01,1.85,1.98,12702
2010-02-25,1.96,2.04,1.87,1.93,14428
2010-02-26,1.95,1.95,1.87,1.87,10867
2010-03-01,1.87,1.91,1.84,1.89,10003
2010-03-02,1.9,2.02,1.86,2.02,14578
2010-03-03,2.02,2.02,1.88,1.9,19654
2010-03-04,1.9,1.92,1.7,1.72,13973
2010-03-05,1.7,1.8,1.69,1.78,8481
2010-03-08,1.78,1.9,1.78,1.89,11637
2010-03-09,1.89,1.89,1.73,1.74,16535
2010-03-10,1.74,1.8,1.64,1.66,14372
2010-03-11,1.67,1.7,1.62,1.67,4920
2010-03-12,1.67,1.68,1.54,1.63,16071
2010-03-15,1.57,1.61,1.53,1.55,7589
2010-03-16,1.56,1.59,1.52,1.59,6034
2010-03-17,1.72,1.89,1.71,1.84,33242
2010-03-18,1.8,1.87,1.77,1.79,18252
2010-03-19,1.8,1.89,1.79,1.82,20258
2010-03-22,1.83,1.89,1.8,1.87,14309
2010-03-23,1.88,1.89,1.8,1.84,9035
2010-03-24,1.83,2.06,1.8,2.01,36816
2010-03-25,2.04,2.11,1.97,1.99,25069
2010-03-26,1.96,2.05,1.94,2.02,13327
2010-03-29,2.03,2.05,1.84,1.91,22965
2010-03-30,1.91,1.99,1.89,1.91,12682
2010-03-31,1.91,2.03,1.91,2.01,18706
2010-04-01,2.01,2.26,2.0,2.19,37990
2010-04-02,2.16,2.24,2.13,2.16,20277
2010-04-06,2.21,2.38,2.17,2.21,22111
2010-04-07,2.17,2.32,2.13,2.17,17555
2010-04-08,2.17,2.31,2.15,2.26,20698
2010-04-09,2.25,2.37,2.23,2.34,17489
2010-04-12,2.39,2.4,2.29,2.38,15411
2010-04-13,2.35,2.53,1.95,2.1,34139
2010-04-14,2.16,2.2,2.01,2.07,14967
2010-04-15,2.19,2.43,2.18,2.22,46837
2010-04-16,2.15,2.53,2.13,2.43,37521
2010-04-19,2.39,2.61,2.36,2.39,28722
2010-04-20,2.45,2.82,2.45,2.82,46613
2010-04-21,2.86,3.14,2.86,3.02,45710
2010-04-22,3.01,3.52,2.91,3.52,50130
2010-04-23,3.65,3.75,3.35,3.48,38649
2010-04-26,3.45,3.66,3.34,3.53,28401
2010-04-27,3.48,3.48,2.99,3.16,41206
2010-04-28,3.06,3.16,2.91,3.04,29016
2010-04-29,3.0,3.16,2.77,2.88,29619
2010-04-30,2.86,3.0,2.74,2.97,19635
2010-05-04,2.86,3.13,2.81,3.05,14865
2010-05-05,3.0,3.31,2.96,3.26,34256
2010-05-06,3.26,3.26,2.9,2.9,29382
2010-05-10,2.84,3.04,2.45,2.65,22320
2010-05-11,2.75,2.79,2.55,2.66,19283
2010-05-12,2.6,2.65,2.29,2.36,17271
2010-05-13,2.37,2.69,2.37,2.64,18898
2010-05-14,2.59,2.75,2.55,2.7,11054
2010-05-17,2.58,2.69,2.41,2.43,10558
2010-05-18,2.47,2.75,2.44,2.71,14454
2010-05-19,2.67,2.98,2.65,2.89,19576
2010-05-20,2.86,2.92,2.76,2.77,15262
2010-05-21,2.62,3.08,2.47,2.99,21604
2010-05-24,3.0,3.21,2.91,3.1,35064
2010-05-25,3.08,3.22,3.0,3.19,27374
2010-05-26,3.18,3.21,2.89,2.92,20689
2010-05-27,2.91,3.0,2.73,2.95,27360
2010-05-28,2.99,3.19,2.99,3.08,24335
2010-05-31,3.02,3.27,3.02,3.07,28713
2010-06-01,3.02,3.1,2.71,2.85,35497
2010-06-02,2.81,2.97,2.74,2.95,14523
2010-06-03,2.95,3.02,2.84,2.87,20282
2010-06-04,2.79,2.94,2.75,2.9,15073
2010-06-07,2.81,2.99,2.76,2.96,22145
2010-06-08,2.97,3.2,2.97,3.17,35360
2010-06-09,3.22,3.24,3.1,3.17,27862
2010-06-10,3.17,3.41,3.17,3.35,37028
2010-06-11,3.38,3.41,3.24,3.31,24039
2010-06-17,3.31,3.37,3.02,3.02,23198
2010-06-18,3.02,3.08,2.6,2.78,34104
2010-06-21,2.75,2.87,2.61,2.83,20526
2010-06-22,2.82,2.88,2.77,2.81,12171
2010-06-23,2.77,2.97,2.7,2.97,17205
2010-06-24,2.96,2.98,2.89,2.94,8140
2010-06-25,2.89,2.93,2.69,2.77,11755
2010-06-28,2.76,2.79,2.54,2.56,12123
2010-06-29,2.56,2.6,2.23,2.36,27694
2010-06-30,2.25,2.37,2.24,2.36,16384
2010-07-01,2.32,2.4,2.26,2.35,11341
2010-07-02,2.33,2.37,2.08,2.35,17043
2010-07-05,2.29,2.36,2.15,2.33,8498
2010-07-06,2.26,2.46,2.26,2.4,20553
2010-07-07,2.4,2.46,2.32,2.4,9080
2010-07-08,2.43,2.45,2.36,2.4,9020
2010-07-09,2.42,2.62,2.31,2.52,19802
2010-07-12,2.52,2.59,2.45,2.52,10208
2010-07-13,2.5,2.5,2.31,2.35,19252
2010-07-14,2.34,2.4,2.34,2.4,11590
2010-07-15,2.37,2.43,2.23,2.24,9157
2010-07-16,2.24,2.28,1.94,2.08,27391
2010-07-19,2.01,2.22,2.0,2.19,14248
2010-07-20,2.22,2.57,2.2,2.41,23363
2010-07-21,2.41,2.52,2.37,2.42,14372
2010-07-22,2.43,2.49,2.4,2.43,12938
2010-07-23,2.44,2.61,2.44,2.57,23867
2010-07-26,2.57,2.6,2.51,2.58,17891
2010-07-27,2.57,2.6,2.53,2.58,15511
2010-07-28,2.58,2.75,2.54,2.74,26864
2010-07-29,2.74,2.86,2.7,2.74,19096
2010-07-30,2.75,2.78,2.68,2.73,14944
2010-08-02,2.74,2.91,2.74,2.81,20100
2010-08-03,2.81,2.93,2.81,2.82,29121
2010-08-04,2.78,2.9,2.71,2.85,24932
2010-08-05,2.82,3.02,2.82,2.98,27556
2010-08-06,3.0,3.21,2.95,3.18,35067
2010-08-09,3.2,3.21,3.12,3.15,22023
2010-08-10,3.16,3.16,2.87,2.87,27400
2010-08-11,2.86,3.12,2.78,3.11,37386
2010-08-12,3.02,3.25,2.98,3.15,30862
2010-08-13,3.11,3.27,3.04,3.27,24525
2010-08-16,3.27,3.37,3.22,3.33,26084
2010-08-17,3.34,3.39,3.12,3.18,45600
2010-08-18,3.18,3.22,3.02,3.2,43907
2010-08-19,3.18,3.2,3.07,3.08,28043
2010-08-20,3.02,3.09,2.87,2.95,30560
2010-08-23,2.89,3.02,2.87,2.95,10868
2010-08-24,2.93,3.03,2.92,2.97,11970
2010-08-25,2.96,3.02,2.9,2.91,13293
2010-08-26,2.93,3.0,2.89,2.93,12426
2010-08-27,2.95,2.95,2.87,2.95,13239
2010-08-30,2.99,3.12,2.95,3.07,23580
2010-08-31,3.08,3.15,2.97,3.11,23640
2010-09-01,3.12,3.12,2.92,2.99,33571
2010-09-02,2.97,3.1,2.97,3.04,19643
2010-09-03,3.04,3.11,2.94,2.95,27361
2010-09-06,2.96,3.0,2.72,2.74,49845
2010-09-07,2.73,2.81,2.73,2.78,14355
2010-09-08,2.77,2.83,2.74,2.83,19120
2010-09-09,2.86,3.0,2.83,2.86,32211
2010-09-10,2.86,2.99,2.75,2.85,20690
2010-09-13,2.87,2.99,2.86,2.94,25622
2010-09-14,2.94,3.42,2.94,3.42,98724
2010-09-15,3.61,3.71,3.48,3.54,95507
2010-09-16,3.42,3.51,3.1,3.19,53026
2010-09-17,3.2,3.25,3.12,3.13,25655
2010-09-20,3.12,3.19,2.99,3.02,18636
2010-09-21,3.02,3.08,2.86,2.86,23836
2010-09-27,2.89,3.01,2.86,2.98,14879
2010-09-28,2.98,2.98,2.86,2.89,24163
2010-09-29,2.89,2.9,2.74,2.76,31835
2010-09-30,2.76,2.86,2.76,2.83,11543
2010-10-08,2.9,3.08,2.9,3.02,19215
2010-10-11,3.03,3.03,2.85,2.91,28708
2010-10-12,2.91,2.97,2.86,2.87,22155
2010-10-13,2.82,2.94,2.7,2.92,31625
2010-10-14,2.92,2.97,2.74,2.74,23234
2010-10-15,2.74,2.77,2.58,2.61,29546
2010-10-18,2.62,2.62,2.27,2.41,28988
2010-10-19,2.43,2.75,2.43,2.73,20914
2010-10-20,2.67,2.9,2.56,2.84,37192
2010-10-21,2.83,2.87,2.76,2.77,19979
2010-10-22,2.79,2.92,2.79,2.92,22683
2010-10-25,3.14,3.25,2.96,2.97,59222
2010-10-26,2.97,3.38,2.93,3.23,83353
2010-10-27,3.23,3.4,3.02,3.15,40193
2010-10-28,3.08,3.16,2.99,3.12,21826
2010-10-29,3.15,3.48,3.15,3.41,64709
2010-11-01,3.41,3.62,3.35,3.61,46334
2010-11-02,3.62,3.69,3.41,3.52,52524
2010-11-03,3.53,3.53,3.33,3.36,20664
2010-11-04,3.35,3.66,3.31,3.65,26389
2010-11-05,3.65,4.08,3.58,4.03,45076
2010-11-08,4.02,4.11,3.9,4.04,22144
2010-11-09,3.97,4.01,3.87,3.97,16174
2010-11-10,3.92,3.92,3.71,3.72,27989
2010-11-11,3.73,3.87,3.55,3.55,18595
2010-11-12,3.54,3.54,3.1,3.36,35363
2010-11-15,3.28,3.48,3.28,3.48,16308
2010-11-17,3.28,3.33,3.15,3.24,18846
2010-11-18,3.23,3.37,3.22,3.31,12919
2010-11-19,3.33,3.61,3.31,3.52,23345
2010-11-22,3.53,4.05,3.53,3.79,44698
2010-11-23,3.85,4.36,3.68,4.36,91947
2010-11-24,4.53,4.79,4.39,4.63,89762
2010-11-25,4.58,4.58,4.28,4.31,49395
2010-11-26,4.27,4.44,4.16,4.21,31915
2010-11-29,4.14,4.53,4.14,4.49,35990
2010-11-30,4.49,4.54,3.96,4.31,30151
2010-12-01,4.3,4.37,4.12,4.2,15588
2010-12-02,4.21,4.34,4.07,4.1,16375
2010-12-03,4.1,4.15,3.81,4.09,14455
2010-12-06,4.07,4.09,3.8,4.01,11444
2010-12-07,3.92,4.21,3.85,4.19,14089
2010-12-08,4.27,4.79,4.27,4.73,67485
2010-12-09,4.6,4.92,4.55,4.62,45351
2010-12-10,4.6,4.87,4.48,4.75,29832
2010-12-13,4.75,5.12,4.66,4.84,31002
2010-12-14,4.83,5.2,4.8,5.17,28691
2010-12-15,5.02,5.16,4.77,4.79,29591
2010-12-16,4.74,5.11,4.74,5.08,16732
2010-12-17,4.99,5.12,4.86,5.07,8451
2010-12-20,5.02,5.03,4.66,4.83,15169
2010-12-21,4.86,4.9,4.73,4.83,11789
2010-12-23,4.83,4.86,4.53,4.61,12120
2010-12-24,4.6,4.7,4.44,4.6,9132
2010-12-27,4.54,4.63,4.14,4.41,13371
2010-12-28,4.29,4.39,4.18,4.34,5928
2010-12-29,4.39,4.6,4.31,4.59,9599
2010-12-30,4.54,4.75,4.53,4.75,11507
2010-12-31,4.75,4.9,4.62,4.79,10663
2011-01-04,4.85,4.85,4.36,4.54,22087
2011-01-05,4.49,4.59,4.37,4.53,11472
2011-01-06,4.58,4.58,4.26,4.3,20140
2011-01-07,4.27,4.4,4.2,4.37,15467
2011-01-10,4.35,4.35,4.04,4.11,19764
2011-01-11,4.07,4.11,4.01,4.02,13105
2011-01-12,4.11,4.11,3.76,3.94,16667
2011-01-13,3.92,3.98,3.8,3.96,9568
2011-01-14,3.91,3.91,3.73,3.87,8185
2011-01-17,3.78,3.78,3.3,3.3,18117
2011-01-18,3.29,3.4,3.15,3.26,7165
2011-01-19,3.36,3.71,3.3,3.64,17151
2011-01-20,3.59,3.6,3.48,3.48,19922
2011-01-21,3.48,3.53,3.39,3.39,9495
2011-01-24,3.55,3.57,3.2,3.2,11112
2011-01-25,3.2,3.37,3.0,3.29,16734
2011-01-26,3.32,3.65,3.28,3.43,11460
2011-01-27,3.43,3.58,3.32,3.53,8129
2011-01-28,3.52,3.75,3.41,3.73,10210
2011-01-31,3.68,3.81,3.6,3.78,9821
2011-02-01,3.71,3.78,3.7,3.71,6341
2011-02-09,3.62,3.71,3.52,3.53,4922
2011-02-10,3.52,3.69,3.48,3.66,6558
2011-02-11,3.68,3.9,3.66,3.89,11929
2011-02-14,3.96,4.12,3.94,4.09,16983
2011-02-15,4.07,4.1,3.99,4.02,12047
2011-02-16,4.0,4.08,3.91,4.06,10266
2011-02-17,4.04,4.28,4.03,4.26,13374
2011-02-18,4.21,4.39,4.16,4.23,14929
2011-02-21,4.2,4.31,4.14,4.29,7830
2011-02-22,4.28,4.28,3.94,3.99,11418
2011-02-23,3.99,4.06,3.79,3.95,10340
2011-02-24,3.95,4.19,3.9,4.09,8647
2011-02-25,4.11,4.18,3.95,4.11,5799
2011-02-28,4.09,4.33,4.08,4.26,9589
2011-03-01,4.26,4.33,4.07,4.15,10755
2011-03-02,4.18,4.3,4.11,4.3,15316
2011-03-03,4.2,4.24,3.98,4.0,15317
2011-03-04,4.0,4.0,3.84,3.94,11034
2011-03-07,3.98,4.05,3.86,4.0,10993
2011-03-08,4.01,4.08,3.83,4.08,28732
2011-03-09,4.06,4.06,3.9,3.94,20107
2011-03-10,3.91,3.91,3.77,3.86,9153
2011-03-11,3.83,4.02,3.81,3.92,11125
2011-03-14,3.81,4.02,3.75,4.0,13915
2011-03-15,3.95,3.96,3.78,3.83,26745
2011-03-16,3.82,4.0,3.82,3.85,17687
2011-03-17,3.85,3.86,3.55,3.61,26187
2011-03-18,3.61,3.68,3.55,3.61,13264
2011-03-21,3.61,3.7,3.61,3.67,8270
2011-03-22,3.7,3.83,3.66,3.71,13277
2011-03-23,3.68,3.8,3.68,3.77,10452
2011-03-25,3.78,3.83,3.61,3.71,15916
2011-03-28,3.71,3.71,3.47,3.51,15234
2011-03-29,3.52,3.52,3.28,3.29,14860
2011-03-30,3.29,3.36,3.14,3.16,10927
2011-03-31,3.16,3.27,3.15,3.22,12884
2011-04-01,3.22,3.49,3.2,3.41,19685
2011-04-06,3.41,3.41,3.18,3.21,12522
2011-04-07,3.21,3.27,3.15,3.18,11583
2011-04-08,3.19,3.37,3.18,3.3,11641
2011-04-11,3.28,3.32,3.18,3.19,9333
2011-04-12,3.19,3.28,3.16,3.22,8550
2011-04-13,3.23,3.3,3.19,3.3,6651
2011-04-14,3.3,3.44,3.28,3.39,14180
2011-04-15,3.39,3.43,3.27,3.3,6745
2011-04-18,3.3,3.43,3.26,3.42,12921
2011-04-19,3.39,3.53,3.36,3.45,16480
2011-04-20,3.45,3.59,3.37,3.56,11344
2011-04-21,3.61,3.65,3.48,3.51,6321
2011-04-26,3.55,3.55,3.14,3.16,16990
2011-04-27,3.17,3.27,3.12,3.15,6834
2011-04-28,3.23,3.23,3.02,3.05,6349
2011-04-29,3.02,3.2,3.02,3.14,5976
2011-05-03,3.17,3.27,2.89,3.16,8487
2011-05-04,3.14,3.15,3.0,3.1,6994
2011-05-05,3.09,3.12,3.03,3.06,3893
2011-05-06,3.06,3.2,2.89,3.18,6803
2011-05-09,3.19,3.23,3.15,3.18,2990
2011-05-10,3.2,3.2,3.09,3.17,2693
2011-05-11,3.17,3.25,3.09,3.09,8173
2011-05-12,3.05,3.09,2.95,2.99,4775
2011-05-13,2.99,3.03,2.9,3.0,3874
2011-05-16,3.0,3.04,2.9,2.97,6180
2011-05-17,2.98,3.02,2.93,2.95,5685
2011-05-18,2.95,2.98,2.91,2.94,4088
2011-05-19,2.95,3.0,2.87,2.88,6880
2011-05-20,2.89,2.89,2.76,2.79,7851
2011-05-23,2.79,2.81,2.54,2.6,10023
2011-05-25,2.67,2.85,2.61,2.65,7446
2011-05-26,2.68,2.76,2.61,2.61,4482
2011-05-27,2.61,2.66,2.59,2.62,4446
2011-05-30,2.64,2.66,2.56,2.57,3013
2011-05-31,2.61,2.67,2.57,2.67,3086
2011-06-01,2.67,2.74,2.63,2.74,4755
2011-06-02,2.66,2.87,2.64,2.85,11041
2011-06-03,2.83,2.87,2.8,2.86,4770
2011-06-07,2.86,2.87,2.8,2.82,3187
2011-06-08,2.78,2.82,2.72,2.78,3747
2011-06-09,2.82,2.82,2.7,2.72,2721
2011-06-10,2.72,2.76,2.64,2.7,3134
2011-06-13,2.7,2.7,2.58,2.61,6099
2011-06-14,2.62,2.72,2.59,2.72,2855
2011-06-15,2.71,2.75,2.7,2.73,4949
2011-06-16,2.7,2.73,2.63,2.66,2664
2011-06-17,2.64,2.69,2.6,2.61,1444
2011-06-20,2.59,2.6,2.37,2.42,6018
2011-06-21,2.42,2.45,2.41,2.45,2542
2011-06-22,2.45,2.57,2.43,2.47,1794
2011-06-23,2.43,2.6,2.43,2.6,4921
2011-06-24,2.56,2.71,2.56,2.69,7890
2011-06-27,2.65,2.93,2.65,2.85,13760
2011-06-28,2.85,2.88,2.78,2.85,4532
2011-06-29,2.83,2.87,2.82,2.83,3564
2011-06-30,2.8,2.89,2.8,2.87,3070
2011-07-01,2.87,2.92,2.83,2.85,4443
2011-07-04,2.85,3.0,2.85,2.99,7271
2011-07-05,2.99,3.05,2.94,2.99,3387
2011-07-06,2.95,2.98,2.9,2.98,4264
2011-07-07,2.99,3.21,2.98,3.11,14052
2011-07-08,3.11,3.11,3.0,3.04,4724
2011-07-11,3.03,3.1,3.03,3.06,6742
2011-07-12,3.04,3.04,2.95,2.95,5396
2011-07-13,2.94,3.09,2.94,3.07,3545
2011-07-14,3.03,3.13,3.0,3.07,3058
2011-07-15,3.07,3.26,3.03,3.24,15583
2011-07-18,3.3,3.3,3.13,3.15,8777
2011-07-19,3.12,3.12,3.06,3.06,6532
2011-07-20,3.06,3.12,3.05,3.1,4866
2011-07-21,3.08,3.1,3.0,3.0,2686
2011-07-22,3.04,3.06,2.95,2.99,3232
2011-07-25,2.94,2.99,2.77,2.8,3676
2011-07-26,2.78,2.84,2.78,2.81,3866
2011-07-27,2.77,2.91,2.77,2.9,3954
2011-07-28,2.87,2.87,2.78,2.82,3932
2011-07-29,2.85,2.91,2.81,2.91,4694
2011-08-01,2.81,3.02,2.81,2.97,3364
2011-08-02,2.95,2.97,2.82,2.96,3465
2011-08-03,2.91,3.08,2.89,3.03,6085
2011-08-04,3.03,3.12,3.02,3.1,4669
2011-08-05,2.95,3.16,2.89,3.09,7454
2011-08-08,3.02,3.04,2.77,2.91,10830
2011-08-09,2.84,2.95,2.71,2.9,7253
2011-08-10,2.95,3.17,2.94,3.11,9276
2011-08-11,3.03,3.19,3.03,3.16,12794
2011-08-12,3.18,3.24,3.12,3.13,8792
2011-08-15,3.14,3.21,3.09,3.15,7134
2011-08-16,3.18,3.38,3.15,3.29,23875
2011-08-17,3.3,3.52,3.3,3.39,26980
2011-08-18,3.37,3.39,3.19,3.23,12212
2011-08-19,3.15,3.31,3.05,3.28,7783
2011-08-22,3.28,3.31,3.18,3.19,7557
2011-08-23,3.22,3.23,3.08,3.11,16170
2011-08-24,3.13,3.48,3.13,3.38,21848
2011-08-25,3.38,3.48,3.32,3.45,18723
2011-08-26,3.44,3.54,3.36,3.37,11615
2011-08-29,3.37,3.59,3.34,3.54,20860
2011-08-30,3.56,3.6,3.38,3.39,9170
2011-08-31,3.37,3.45,3.25,3.27,13285
2011-09-01,3.25,3.32,3.18,3.22,7370
2011-09-02,3.18,3.28,3.14,3.25,4381
2011-09-05,3.22,3.25,3.18,3.18,2770
2011-09-06,3.16,3.27,3.1,3.19,5378
2011-09-07,3.21,3.23,3.06,3.12,14969
2011-09-08,3.15,3.16,2.98,2.98,7361
2011-09-09,2.98,3.06,2.91,2.98,8552
2011-09-13,2.87,2.99,2.87,2.99,2879
2011-09-14,2.99,3.03,2.93,3.02,3831
2011-09-15,3.02,3.04,2.97,3.04,4680
2011-09-16,3.04,3.11,3.03,3.06,2437
2011-09-19,3.03,3.03,2.91,2.93,2939
2011-09-20,2.94,2.96,2.87,2.88,5178
2011-09-21,2.88,2.98,2.82,2.98,7856
2011-09-22,2.97,2.97,2.84,2.84,3894
2011-09-23,2.76,2.82,2.74,2.8,2866
2011-09-26,2.77,2.87,2.75,2.76,1877
2011-09-27,2.88,2.88,2.7,2.76,2476
2011-09-28,2.83,2.83,2.65,2.67,4405
2011-09-29,2.62,2.64,2.38,2.51,9123
2011-09-30,2.51,2.6,2.44,2.52,6589
2011-10-10,2.53,2.53,2.46,2.52,1945
2011-10-11,2.59,2.65,2.47,2.52,2578
2011-10-12,2.44,2.7,2.44,2.66,4891
2011-10-13,2.69,2.79,2.66,2.75,3458
2011-10-14,2.7,2.83,2.69,2.83,2863
2011-10-17,2.83,2.85,2.79,2.79,3391
2011-10-18,2.78,2.78,2.67,2.74,4046
2011-10-19,2.76,2.89,2.74,2.81,3780
2011-10-20,2.76,2.81,2.73,2.75,6571
2011-10-21,2.78,2.82,2.72,2.73,6019
2011-10-24,2.68,2.75,2.6,2.74,9074
2011-10-25,2.73,2.88,2.73,2.88,9700
2011-10-26,2.85,2.97,2.85,2.91,6333
2011-10-27,2.91,2.94,2.87,2.88,2457
2011-10-28,2.96,2.96,2.87,2.93,7250
2011-10-31,2.95,2.95,2.88,2.95,5546
2011-11-01,2.9,2.94,2.87,2.92,3631
2011-11-02,2.89,3.19,2.78,3.15,14545
2011-11-03,3.15,3.39,3.06,3.1,14592
2011-11-04,3.16,3.16,3.07,3.1,3974
2011-11-07,3.1,3.11,3.02,3.04,3434
2011-11-08,3.04,3.06,2.96,2.98,4013
2011-11-09,2.98,3.08,2.95,3.05,3453
2011-11-10,3.03,3.03,2.96,3.0,3291
2011-11-11,3.0,3.01,2.96,2.99,4666
2011-11-14,2.98,3.11,2.98,3.11,5852
2011-11-15,3.1,3.17,3.08,3.1,5036
2011-11-16,3.13,3.13,2.98,2.99,5434
2011-11-17,2.98,3.05,2.94,2.94,4123
2011-11-18,2.91,2.95,2.82,2.83,4139
2011-11-21,2.83,2.88,2.81,2.88,1456
2011-11-22,2.87,2.96,2.86,2.95,4442
2011-11-23,2.99,3.06,2.96,3.04,5372
2011-11-24,3.02,3.06,2.99,3.02,1930
2011-11-25,3.06,3.41,2.94,3.17,13377
2011-11-28,3.17,3.17,3.04,3.05,8893
2011-11-29,3.19,3.24,3.07,3.19,18045
2011-11-30,3.27,3.27,3.03,3.18,20465
2011-12-01,3.36,3.41,3.19,3.27,24124
2011-12-02,3.2,3.23,3.08,3.15,9622
2011-12-05,3.08,3.12,2.88,2.98,10775
2011-12-06,2.99,2.99,2.84,2.89,4577
2011-12-07,2.91,2.95,2.83,2.95,7497
2011-12-08,2.95,2.99,2.85,2.91,3642
2011-12-09,2.89,2.95,2.84,2.89,2995
2011-12-12,2.87,2.89,2.81,2.88,2392
2011-12-13,2.85,2.85,2.62,2.69,5685
2011-12-14,2.69,2.7,2.46,2.57,9267
2011-12-15,2.49,2.62,2.45,2.55,4971
2011-12-16,2.51,2.65,2.51,2.63,4676
2011-12-19,2.6,2.81,2.56,2.74,6110
2011-12-20,2.74,2.74,2.68,2.69,1608
2011-12-21,2.75,2.75,2.54,2.54,2050
2011-12-22,2.58,2.67,2.41,2.57,3749
2011-12-23,2.61,2.72,2.52,2.66,4057
2011-12-26,2.7,2.74,2.63,2.66,2893
2011-12-27,2.63,2.73,2.56,2.64,2594
2011-12-28,2.56,2.65,2.33,2.49,11713
2011-12-29,2.44,2.51,2.34,2.34,7614
2011-12-30,2.32,2.43,2.21,2.4,10356
2012-01-04,2.41,2.41,2.21,2.21,6837
2012-01-05,2.14,2.16,1.8,1.87,14723
2012-01-06,1.83,1.83,1.66,1.76,6521
2012-01-09,1.76,1.91,1.76,1.9,13005
2012-01-10,1.94,2.05,1.9,2.05,8624
2012-01-11,2.06,2.11,2.01,2.05,6078
2012-01-12,2.06,2.12,2.02,2.07,4299
2012-01-13,2.08,2.1,1.86,1.9,5687
2012-01-17,1.77,1.91,1.65,1.91,37610
2012-01-18,1.91,1.94,1.7,1.74,13516
2012-01-19,1.71,1.78,1.6,1.68,10392
2012-01-20,1.68,1.81,1.68,1.8,8390
2012-01-30,1.81,1.88,1.81,1.83,8308
2012-01-31,1.82,1.86,1.78,1.86,2657
2012-02-01,1.85,1.99,1.81,1.9,7538
2012-02-02,1.9,1.96,1.86,1.95,8207
2012-02-03,1.95,2.08,1.93,2.04,9979
2012-02-06,2.06,2.07,1.98,2.03,6401
2012-02-07,2.01,2.01,1.89,1.94,5283
2012-02-08,1.92,2.06,1.92,2.02,4102
2012-02-09,2.04,2.23,2.02,2.12,10820
2012-02-10,2.12,2.14,2.09,2.12,6506
2012-02-13,2.11,2.25,2.07,2.21,8727
2012-02-14,2.2,2.23,2.17,2.23,4155
2012-02-15,2.22,2.26,2.19,2.24,4792
2012-02-16,2.27,2.41,2.25,2.36,15058
2012-02-17,2.35,2.42,2.27,2.3,6683
2012-02-20,2.36,2.38,2.23,2.24,9793
2012-02-21,2.24,2.27,2.17,2.27,7685
2012-02-22,2.27,2.41,2.24,2.37,11805
2012-02-23,2.38,2.45,2.37,2.43,17373
2012-02-24,2.42,2.42,2.33,2.4,12795
2012-02-27,2.36,2.45,2.36,2.43,13558
2012-02-28,2.43,2.43,2.33,2.39,15037
2012-02-29,2.39,2.39,2.22,2.28,10043
2012-03-01,2.41,2.62,2.36,2.56,42577
2012-03-02,2.52,2.62,2.49,2.62,28559
2012-03-05,2.62,2.75,2.57,2.72,27499
2012-03-06,2.7,2.75,2.65,2.69,20774
2012-03-07,2.64,2.68,2.54,2.55,14939
2012-03-08,2.54,2.61,2.54,2.6,11136
2012-03-09,2.62,2.68,2.61,2.68,9778
2012-03-12,2.69,2.77,2.65,2.7,17614
2012-03-13,2.74,2.74,2.62,2.69,11368
2012-03-14,2.7,2.89,2.68,2.74,45025
2012-03-15,2.74,2.74,2.56,2.61,17522
2012-03-16,2.65,2.71,2.52,2.7,20354
2012-03-19,2.62,2.88,2.56,2.87,48588
2012-03-20,2.82,2.91,2.74,2.86,27412
2012-03-21,2.83,2.84,2.42,2.66,53953
2012-03-22,2.62,2.65,2.47,2.54,25823
2012-03-23,2.53,2.53,2.4,2.4,12960
2012-03-26,2.36,2.42,2.36,2.39,6401
2012-03-27,2.42,2.49,2.4,2.41,6936
2012-03-28,2.41,2.42,2.21,2.23,11460
2012-03-29,2.23,2.23,2.1,2.1,10569
2012-03-30,2.12,2.22,2.08,2.11,11573
2012-04-05,2.1,2.25,2.1,2.25,12220
2012-04-06,2.25,2.38,2.2,2.35,9759
2012-04-09,2.31,2.38,2.3,2.32,4706
2012-04-11,2.32,2.4,2.31,2.32,5132
2012-04-12,2.36,2.36,2.31,2.34,5699
2012-04-13,2.37,2.42,2.31,2.35,9973
2012-04-16,2.35,2.35,2.24,2.28,4492
2012-04-17,2.27,2.35,2.25,2.29,4550
2012-04-18,2.33,2.43,2.29,2.42,8074
2012-04-19,2.4,2.52,2.4,2.42,8303
2012-04-20,2.39,2.52,2.39,2.48,6799
2012-04-23,2.45,2.45,2.12,2.13,20925
2012-04-24,2.13,2.2,2.07,2.19,14977
2012-04-25,2.18,2.2,2.13,2.13,11200
2012-04-26,2.13,2.18,1.91,2.17,22253
2012-04-27,2.14,2.16,2.04,2.12,9043
2012-05-02,2.15,2.23,2.05,2.12,18984
2012-05-03,2.12,2.2,2.08,2.1,10696
2012-05-04,2.1,2.19,2.1,2.16,11081
2012-05-07,2.16,2.29,2.12,2.29,27246
2012-05-08,2.28,2.31,2.25,2.25,10796
2012-05-09,2.24,2.34,2.12,2.29,18271
2012-05-10,2.37,2.37,2.2,2.23,13354
2012-05-11,2.2,2.26,2.12,2.12,10864
2012-05-14,2.16,2.2,2.13,2.14,11623
2012-05-15,2.13,2.16,2.01,2.08,11805
2012-05-16,2.17,2.19,2.03,2.13,21613
2012-05-17,2.08,2.16,2.07,2.14,6341
2012-05-18,2.12,2.12,2.01,2.01,9152
2012-05-21,2.01,2.06,1.83,1.9,14643
2012-05-22,1.92,1.96,1.89,1.92,11392
2012-05-23,1.9,1.97,1.85,1.89,11805
2012-05-24,1.89,1.92,1.82,1.83,9284
2012-05-25,1.84,1.88,1.77,1.81,8357
2012-05-28,1.81,1.9,1.76,1.88,7109
2012-05-29,1.87,1.96,1.85,1.93,9849
2012-05-30,1.96,1.97,1.9,1.91,6540
2012-05-31,1.92,2.26,1.9,2.18,34805
2012-06-01,2.19,2.21,2.1,2.2,22680
2012-06-04,2.13,2.41,2.08,2.35,120496
2012-06-05,2.32,2.45,2.31,2.37,43968
2012-06-06,2.36,2.43,2.29,2.37,31535
2012-06-07,2.35,2.41,2.29,2.37,29094
2012-06-08,2.37,2.45,2.32,2.41,47028
2012-06-11,2.41,2.66,2.41,2.58,54966
2012-06-12,2.54,2.79,2.52,2.74,56755
2012-06-13,2.75,3.0,2.71,2.74,76202
2012-06-14,2.69,2.78,2.61,2.69,53947
2012-06-15,2.67,2.72,2.56,2.65,31054
2012-06-18,2.85,2.94,2.69,2.73,49784
2012-06-19,2.64,2.86,2.61,2.69,35366
2012-06-20,2.69,2.78,2.64,2.65,14086
2012-06-21,2.64,2.65,2.38,2.64,29132
2012-06-25,2.56,2.72,2.51,2.56,17052
2012-06-26,2.54,2.63,2.44,2.57,16461
2012-06-27,2.57,2.88,2.57,2.8,50347
2012-06-29,2.74,3.18,2.69,3.13,70685
2012-07-02,3.11,3.21,3.05,3.19,45525
2012-07-03,3.15,3.21,3.1,3.12,25032
2012-07-04,3.1,3.25,2.87,2.89,33854
2012-07-06,2.87,3.15,2.82,3.14,33828
2012-07-09,3.12,3.22,3.0,3.01,25831
2012-07-10,3.0,3.0,2.65,2.67,32527
2012-07-11,2.67,2.77,2.63,2.73,13010
2012-07-12,2.73,2.93,2.69,2.87,17959
2012-07-13,2.82,2.94,2.73,2.73,18474
2012-07-16,2.74,2.87,2.69,2.69,27915
2012-07-17,2.67,2.74,2.47,2.73,21286
2012-07-18,2.69,2.78,2.66,2.78,9607
2012-07-19,2.74,2.91,2.74,2.87,14776
2012-07-20,2.87,2.94,2.75,2.78,12177
2012-07-23,2.77,2.77,2.62,2.64,13408
2012-07-24,2.59,2.72,2.58,2.7,8467
2012-07-25,2.7,2.71,2.63,2.65,7443
2012-07-26,2.62,2.82,2.62,2.7,14946
2012-07-27,2.7,2.79,2.67,2.68,6347
2012-07-30,2.66,2.74,2.61,2.61,7786
2012-07-31,2.6,2.68,2.51,2.51,23629
2012-08-01,2.51,2.66,2.51,2.58,5416
2012-08-02,2.57,2.74,2.54,2.66,8824
2012-08-03,2.7,2.94,2.61,2.91,20648
2012-08-06,2.9,3.03,2.85,3.01,13737
2012-08-07,3.0,3.14,2.93,3.01,24126
2012-08-08,3.02,3.05,2.85,2.9,15091
2012-08-09,2.94,3.18,2.87,3.09,16920
2012-08-10,3.11,3.15,3.03,3.11,12927
2012-08-13,3.1,3.12,3.04,3.04,14238
2012-08-14,3.01,3.19,2.89,3.16,21562
2012-08-15,3.24,3.65,3.24,3.55,88378
2012-08-16,3.53,3.89,3.48,3.72,101337
2012-08-17,3.66,3.67,3.52,3.55,40100
2012-08-20,3.56,3.65,3.45,3.61,23514
2012-08-21,3.56,3.95,3.55,3.9,80068
2012-08-22,3.87,3.91,3.73,3.77,35954
2012-08-23,3.74,3.84,3.7,3.76,29811
2012-08-24,3.71,3.84,3.6,3.64,24401
2012-08-27,3.61,3.76,3.45,3.68,26709
2012-08-28,3.68,3.73,3.49,3.62,27717
2012-08-29,3.59,3.91,3.53,3.76,44983
2012-08-30,3.68,3.76,3.4,3.61,29614
2012-08-31,3.6,3.6,3.34,3.43,34621
2012-09-03,3.43,3.68,3.37,3.63,26224
2012-09-04,3.61,3.79,3.59,3.69,22443
2012-09-05,3.62,3.93,3.62,3.86,32628
2012-09-06,3.92,3.92,3.74,3.78,20479
2012-09-07,3.82,3.95,3.73,3.87,28065
2012-09-10,3.82,3.9,3.64,3.85,43017
2012-09-11,3.74,3.78,3.61,3.67,48655
2012-09-12,3.69,3.79,3.63,3.68,31179
2012-09-13,3.68,3.91,3.64,3.89,55548
2012-09-14,3.93,4.46,3.93,4.46,171989
2012-09-17,4.39,4.42,4.0,4.1,67800
2012-09-18,4.16,4.56,4.09,4.48,90601
2012-09-19,4.44,4.54,4.27,4.35,41790
2012-09-20,4.32,4.32,4.05,4.07,59069
2012-09-21,4.07,4.36,3.94,4.0,39419
2012-09-24,3.89,4.18,3.7,4.1,33029
2012-09-25,4.05,4.13,3.87,3.93,20337
2012-09-26,3.88,3.96,3.69,3.77,25144
2012-09-27,3.74,3.93,3.63,3.84,24595
2012-09-28,3.75,3.89,3.68,3.83,22065
2012-10-08,3.86,4.05,3.78,3.81,12976
2012-10-09,3.73,3.99,3.66,3.83,58454
2012-10-10,3.79,3.99,3.71,3.96,50008
2012-10-11,3.94,3.95,3.74,3.8,48202
2012-10-12,3.76,3.87,3.24,3.43,109368
2012-10-15,3.37,3.59,3.23,3.54,37377
2012-10-16,3.52,3.68,3.51,3.54,30620
2012-10-17,3.56,3.66,3.53,3.62,17324
2012-10-18,3.62,3.79,3.6,3.74,39858
2012-10-19,3.75,3.78,3.65,3.68,15461
2012-10-22,3.64,3.66,3.53,3.6,26732
2012-10-23,3.64,3.71,3.55,3.58,29984
2012-10-24,3.55,3.61,3.48,3.49,11230
2012-10-25,3.5,3.75,3.38,3.43,43404
2012-10-26,3.4,3.5,3.27,3.44,18370
2012-10-29,3.42,3.5,3.34,3.48,13161
2012-10-30,3.48,3.58,3.47,3.54,13028
2012-10-31,3.55,3.7,3.55,3.67,25382
2012-11-01,3.7,3.83,3.7,3.78,29694
2012-11-02,3.79,3.79,3.68,3.77,23253
2012-11-05,3.74,3.82,3.55,3.64,31602
2012-11-06,3.65,3.7,3.57,3.7,15958
2012-11-07,3.7,3.73,3.58,3.64,10136
2012-11-08,3.58,3.65,3.45,3.48,17689
2012-11-09,3.48,3.58,3.43,3.5,5949
2012-11-12,3.45,3.57,3.37,3.45,10267
2012-11-13,3.45,3.47,3.24,3.3,20061
2012-11-14,3.3,3.35,3.25,3.33,7400
2012-11-15,3.28,3.31,3.17,3.21,6777
2012-11-16,3.19,3.23,3.06,3.18,13035
2012-11-19,3.17,3.33,3.08,3.32,8386
2012-11-20,3.33,3.48,3.33,3.45,14992
2012-11-21,3.43,3.55,3.43,3.55,13633
2012-11-22,3.48,3.61,3.48,3.58,15871
2012-11-23,3.54,3.61,3.42,3.44,12062
2012-11-26,3.4,3.43,2.99,3.02,24866
2012-11-27,3.02,3.05,2.73,2.96,36226
2012-11-28,2.93,3.01,2.84,2.93,15259
2012-11-29,2.92,3.02,2.87,2.98,13232
2012-11-30,2.95,3.04,2.82,3.0,14439
2012-12-03,3.0,3.02,2.87,2.95,6989
2012-12-04,2.95,3.0,2.88,3.0,17249
2012-12-05,3.02,3.33,3.0,3.25,14463
2012-12-06,3.25,3.28,3.13,3.19,11603
2012-12-07,3.16,3.33,3.15,3.27,12070
2012-12-10,3.3,3.34,3.22,3.31,16761
2012-12-11,3.24,3.33,3.22,3.27,19818
2012-12-12,3.22,3.31,3.06,3.14,12872
2012-12-13,3.18,3.18,3.03,3.03,13597
2012-12-14,3.04,3.32,3.03,3.18,36112
2012-12-17,3.14,3.17,2.69,2.79,136710
2012-12-18,2.71,2.8,2.68,2.76,69038
2012-12-19,2.74,2.88,2.72,2.84,37413
2012-12-20,2.85,3.06,2.84,2.99,41481
2012-12-21,2.99,3.09,2.96,3.06,44815
2012-12-24,3.08,3.45,3.08,3.32,77838
2012-12-25,3.35,3.5,3.35,3.4,44355
2012-12-26,3.4,3.63,3.4,3.53,38920
2012-12-27,3.54,3.58,3.44,3.45,34809
2012-12-28,3.44,3.64,3.34,3.59,39905
2012-12-31,3.6,3.73,3.52,3.67,39469
2013-01-04,3.69,3.79,3.45,3.69,49790
2013-01-07,3.66,3.78,3.53,3.75,19776
2013-01-08,3.77,4.01,3.69,3.99,36395
2013-01-09,3.97,4.23,3.9,4.14,42233
2013-01-10,4.15,4.27,4.06,4.19,24182
2013-01-11,4.21,4.21,4.01,4.02,21959
2013-01-14,3.96,4.27,3.93,4.16,29725
2013-01-15,4.16,4.56,4.1,4.55,65096
2013-01-16,4.52,4.52,4.07,4.44,87460
2013-01-17,4.27,4.32,3.95,4.1,95031
2013-01-18,4.05,4.17,4.0,4.14,35241
2013-01-21,4.14,4.18,3.98,4.11,46490
2013-01-22,4.1,4.11,3.95,4.11,47766
2013-01-23,4.09,4.35,4.06,4.28,27377
2013-01-24,4.27,4.32,3.92,4.14,44499
2013-01-25,4.04,4.1,3.89,3.98,38273
2013-01-28,3.95,3.99,3.84,3.95,57431
2013-01-29,3.91,4.15,3.9,4.09,53472
2013-01-30,4.06,4.31,4.0,4.14,44231
2013-01-31,4.11,4.11,3.93,4.0,25086
2013-02-01,4.0,4.14,3.98,4.12,31613
2013-02-04,4.16,4.23,4.03,4.04,18963
2013-02-05,4.02,4.29,3.98,4.27,46745
2013-02-06,4.29,4.68,4.28,4.64,58612
2013-02-07,4.74,4.92,4.56,4.64,53039
2013-02-08,4.64,5.24,4.62,5.16,62187
2013-02-18,5.06,5.17,4.97,5.12,29902
2013-02-19,5.12,5.13,4.9,4.95,26440
2013-02-20,4.79,5.15,4.79,5.09,35867
2013-02-21,5.09,5.63,5.01,5.24,61415
2013-02-22,5.11,5.47,5.11,5.41,31147
2013-02-25,5.42,5.71,5.35,5.49,35296
2013-02-26,5.58,5.71,5.37,5.44,44782
2013-02-27,5.4,5.42,5.02,5.37,49484
2013-02-28,5.33,5.38,5.15,5.37,46093
2013-03-01,5.35,5.71,5.27,5.68,45257
2013-03-04,5.61,5.63,5.31,5.35,38574
2013-03-05,5.29,5.81,5.16,5.69,71835
2013-03-06,5.68,6.0,5.61,5.92,49519
2013-03-07,5.91,5.94,5.45,5.48,57067
2013-03-08,5.45,5.56,5.21,5.26,36097
2013-03-11,5.27,5.78,5.1,5.62,45522
2013-03-12,5.58,5.7,5.24,5.42,30484
2013-03-13,5.41,5.53,5.28,5.36,14299
2013-03-14,5.35,5.84,5.27,5.82,54804
2013-03-15,5.86,6.53,5.86,6.24,70959
2013-03-18,6.21,6.59,6.2,6.42,42901
2013-03-19,6.43,6.69,6.06,6.23,38410
2013-03-20,6.23,6.38,6.08,6.32,38190
2013-03-21,6.37,6.68,6.21,6.51,53172
2013-03-22,6.56,6.99,6.5,6.95,52570
2013-03-25,6.85,7.7,6.84,7.58,104225
2013-03-26,7.5,8.26,7.16,8.0,55199
2013-03-27,7.9,8.11,7.63,7.85,32861
2013-03-28,7.79,7.79,6.88,7.32,50698
2013-03-29,7.32,7.68,7.08,7.58,31508
2013-04-01,7.55,7.66,7.16,7.39,52570
2013-04-02,7.34,7.99,7.03,7.23,88124
2013-04-03,7.21,7.29,6.84,6.92,65386
2013-04-08,6.68,7.71,6.63,7.57,64193
2013-04-09,7.5,7.73,7.45,7.67,31678
2013-04-10,7.56,7.84,7.11,7.42,40323
2013-04-11,7.42,7.51,7.13,7.45,27571
2013-04-12,7.42,7.82,7.29,7.36,32658
2013-04-15,7.55,7.57,7.16,7.31,18378
2013-04-16,7.32,7.87,7.19,7.76,29174
2013-04-17,7.69,8.26,7.69,8.19,44370
2013-04-18,8.16,8.47,8.0,8.39,38393
2013-04-19,8.21,8.81,8.21,8.67,39868
2013-04-22,8.68,9.11,8.58,9.03,53897
2013-04-23,9.0,9.0,8.12,8.13,71880
2013-04-24,8.06,8.57,7.92,8.45,82962
2013-04-25,8.45,8.45,7.43,7.43,131690
2013-04-26,7.15,7.17,6.68,6.77,106165
2013-05-02,6.74,7.24,6.65,7.06,49585
2013-05-03,7.07,7.43,7.03,7.27,57508
2013-05-06,7.27,7.78,7.27,7.71,49779
2013-05-07,7.71,7.79,7.47,7.56,30799
2013-05-08,7.53,7.76,7.48,7.73,36065
2013-05-09,7.71,7.71,7.06,7.11,70316
2013-05-10,7.13,7.16,6.61,6.77,90515
2013-05-13,6.87,7.62,6.87,7.62,124510
2013-05-14,7.63,7.76,7.35,7.49,72484
2013-05-15,7.51,7.91,7.51,7.91,85849
2013-05-16,8.0,8.21,7.5,7.75,114973
2013-05-17,7.82,7.95,7.55,7.69,71502
2013-05-20,7.61,7.82,7.33,7.77,111804
2013-05-21,7.71,8.41,7.58,8.21,115360
2013-05-22,8.21,8.45,7.74,7.81,135417
2013-05-23,7.68,8.04,7.54,7.7,93115
2013-05-24,7.68,7.83,7.3,7.58,159699
2013-05-27,7.46,7.76,7.36,7.51,121681
2013-05-28,7.49,7.54,7.14,7.2,119585
2013-05-29,7.21,7.38,7.08,7.32,89029
2013-05-30,7.28,7.58,7.21,7.42,95714
2013-05-31,7.5,7.52,6.91,6.95,161091
2013-06-03,6.91,6.96,6.57,6.61,121299
2013-06-04,6.62,6.71,6.18,6.31,118664
2013-06-05,6.3,6.63,6.23,6.48,67807
2013-06-06,6.44,6.54,6.34,6.37,43278
2013-06-07,6.37,6.63,6.28,6.34,52153
2013-06-13,6.23,6.24,5.65,6.17,82547
2013-06-14,6.18,6.69,6.13,6.59,98960
2013-06-17,6.67,6.82,6.59,6.67,97743
2013-06-18,6.69,6.72,6.05,6.11,144606
2013-06-19,6.11,6.14,5.71,5.93,120371
2013-06-20,5.88,5.88,5.53,5.58,89970
2013-06-21,5.43,5.58,5.17,5.45,65681
2013-06-24,5.44,5.71,5.02,5.21,85365
2013-06-25,5.21,5.38,4.64,5.27,85451
2013-06-26,5.28,5.73,5.28,5.68,106695
2013-06-27,5.69,5.87,5.41,5.41,118188
2013-06-28,5.29,5.56,5.13,5.53,78362
2013-07-01,5.45,5.71,5.38,5.68,76706
2013-07-02,5.73,5.9,5.73,5.88,109140
2013-07-03,5.88,6.42,5.79,6.27,191629
2013-07-04,6.13,6.21,5.87,5.91,156002
2013-07-05,5.88,5.97,5.6,5.65,103561
2013-07-08,5.34,5.52,5.15,5.15,113852
2013-07-09,5.06,5.2,4.79,4.93,97781
2013-07-10,4.93,5.14,4.9,5.1,73042
2013-07-11,5.15,5.45,5.03,5.33,98561
2013-07-12,5.32,5.47,5.23,5.24,72878
2013-07-15,5.29,5.59,5.18,5.56,108972
2013-07-16,5.57,6.1,5.56,6.04,149803
2013-07-17,5.96,6.23,5.84,5.94,150533
2013-07-18,6.02,6.16,5.92,6.06,149217
2013-07-19,6.02,6.47,5.96,6.3,220452
2013-07-22,6.35,6.42,6.14,6.34,129964
2013-07-23,7.15,7.15,6.95,7.15,407168
2013-07-24,7.36,8.03,7.19,7.66,357080
2013-07-25,7.52,8.23,7.27,7.38,274204
2013-07-26,7.5,7.62,7.15,7.47,142317
2013-07-29,7.31,7.91,7.25,7.56,156744
2013-07-30,7.46,7.56,6.81,6.97,159890
2013-07-31,6.95,7.44,6.78,7.27,102991
2013-08-01,7.36,7.5,7.06,7.4,159554
2013-08-02,7.46,7.92,7.42,7.71,147615
2013-08-05,7.62,7.9,7.58,7.7,70959
2013-08-06,7.7,7.85,7.58,7.77,69518
2013-08-07,7.77,7.8,7.33,7.34,85051
2013-08-08,7.23,7.62,7.21,7.42,73937
2013-08-09,7.4,7.54,7.02,7.19,60122
2013-08-12,7.19,7.28,6.89,6.97,83492
2013-08-13,6.98,7.15,6.9,7.11,55449
2013-08-14,7.15,7.15,6.83,6.91,61575
2013-08-15,6.95,7.11,6.87,6.94,45514
2013-08-16,6.88,7.11,6.75,6.76,68647
2013-08-19,6.56,6.95,6.56,6.89,75721
2013-08-20,6.89,6.99,6.69,6.81,69163
2013-08-21,6.84,6.99,6.75,6.99,67043
2013-08-22,6.84,6.91,6.52,6.83,171499
2013-08-23,6.76,6.79,6.48,6.59,92888
2013-08-26,6.59,6.87,6.51,6.8,76107
2013-08-27,6.8,6.87,6.63,6.67,57821
2013-08-28,6.59,6.59,6.26,6.26,113396
2013-08-29,6.22,6.33,5.93,6.02,101980
2013-08-30,6.02,6.05,5.38,5.5,101418
2013-09-02,5.49,5.89,5.49,5.83,76345
2013-09-03,5.83,5.88,5.66,5.83,54758
2013-09-04,5.85,5.92,5.62,5.73,97792
2013-09-05,5.77,5.88,5.72,5.75,75312
2013-09-06,5.86,6.5,5.8,6.5,195249
2013-09-09,6.89,6.95,6.51,6.67,213900
2013-09-10,6.48,6.48,6.03,6.12,226109
2013-09-11,6.04,6.04,5.45,5.49,178391
2013-09-12,5.45,5.62,5.32,5.5,106217
2013-09-13,5.51,5.52,5.33,5.43,89845
2013-09-16,5.44,5.72,5.38,5.66,94340
2013-09-17,5.72,5.72,5.55,5.58,67543
2013-09-18,5.54,5.62,5.54,5.6,34565
2013-09-23,5.6,5.91,5.6,5.84,93191
2013-09-24,5.85,6.23,5.84,6.2,163019
2013-09-25,6.28,6.28,5.95,6.04,116666
2013-09-26,5.96,5.99,5.73,5.85,66170
2013-09-27,5.81,5.88,5.65,5.79,59500
2013-09-30,5.84,5.95,5.79,5.85,48804
2013-10-08,5.9,6.0,5.7,5.98,71137
2013-10-09,5.98,6.1,5.88,6.09,82412
2013-10-10,6.11,6.12,5.72,5.72,99988
2013-10-11,5.77,5.8,5.61,5.64,77559
2013-10-14,5.77,5.77,5.52,5.65,68193
2013-10-15,5.65,5.68,5.49,5.57,59280
2013-11-25,5.72,5.77,5.26,5.33,202692
2013-11-26,5.27,5.39,5.13,5.32,121966
2013-11-27,5.29,5.3,4.94,5.16,185324
2013-11-28,5.13,5.41,5.12,5.37,154845
2013-11-29,5.37,5.44,5.3,5.33,108555
2013-12-02,5.17,5.37,4.7,4.84,178365
2013-12-03,4.7,4.76,4.53,4.74,103219
2013-12-04,4.76,5.38,4.76,5.38,242229
2013-12-05,5.53,5.72,5.32,5.48,388541
2013-12-06,5.34,5.41,5.15,5.23,158653
2013-12-09,5.23,5.27,5.14,5.18,91730
2013-12-10,5.16,5.31,5.15,5.2,87852
2013-12-11,5.08,5.08,4.89,4.93,110459
2013-12-12,4.93,5.04,4.88,4.93,45912
2013-12-13,4.9,4.99,4.85,4.96,43220
2013-12-16,4.91,4.98,4.84,4.86,44930
2013-12-17,4.87,5.0,4.84,4.97,47265
2013-12-18,5.0,5.04,4.92,4.98,41850
2013-12-19,4.98,5.0,4.8,4.82,54354
2013-12-20,4.83,4.85,4.59,4.65,35150
2013-12-23,4.63,4.69,4.39,4.5,34358
2013-12-24,4.57,4.66,4.54,4.6,38551
2013-12-25,4.58,4.69,4.5,4.67,40201
2013-12-26,4.65,4.67,4.31,4.31,90662
2013-12-27,4.33,4.62,4.33,4.56,67924
2013-12-30,4.55,4.67,4.52,4.58,59652
2013-12-31,4.54,4.64,4.5,4.54,43480
2014-01-02,4.51,5.17,4.51,5.17,207130
2014-01-03,5.06,5.31,5.03,5.15,263797
2014-01-06,5.19,5.39,5.06,5.27,233533
2014-01-07,5.35,5.69,5.25,5.41,239173
2014-01-08,5.44,5.67,5.43,5.58,204154
2014-01-09,5.63,5.63,5.2,5.25,155978
2014-01-10,5.29,5.75,5.29,5.46,265076
2014-01-13,5.41,5.61,5.28,5.54,165215
2014-01-14,5.57,5.86,5.48,5.86,278316
2014-01-15,5.84,5.96,5.69,5.83,218399
2014-01-16,5.88,6.02,5.65,5.71,185237
2014-01-17,5.61,5.73,5.43,5.49,141919
2014-01-20,5.48,5.63,5.36,5.41,125447
2014-01-21,5.46,5.74,5.46,5.74,156180
2014-01-22,5.71,5.83,5.63,5.81,173325
2014-01-23,5.76,5.98,5.65,5.92,203962
2014-01-24,5.98,6.04,5.83,5.88,219830
2014-01-27,5.88,6.43,5.84,6.19,306126
2014-01-28,6.19,6.19,5.87,6.01,145968
2014-01-29,6.01,6.11,5.9,6.01,110742
2014-01-30,6.02,6.04,5.73,5.75,103372
2014-02-07,5.67,5.95,5.58,5.92,120127
2014-02-10,6.02,6.34,6.02,6.33,210365
2014-02-11,6.35,6.43,6.04,6.24,183090
2014-02-12,6.16,6.66,6.16,6.62,239666
2014-02-13,6.62,6.62,6.31,6.35,183566
2014-02-14,6.34,6.48,6.16,6.37,138858
2014-02-17,6.44,6.63,6.31,6.63,186119
2014-02-18,6.64,6.65,6.39,6.42,155746
2014-02-19,6.47,6.65,6.23,6.28,171994
2014-02-20,6.27,6.33,5.99,6.01,136286
2014-02-21,6.0,6.19,5.88,6.06,121993
2014-02-24,6.08,6.32,6.08,6.32,151514
2014-02-25,6.33,6.37,5.51,5.58,218530
2014-02-26,5.49,5.51,5.06,5.4,125226
2014-02-27,5.44,5.53,5.08,5.11,130771
2014-02-28,5.11,5.23,4.84,5.21,81915
2014-03-03,5.18,5.33,5.1,5.32,83839
2014-03-04,5.29,5.3,5.07,5.27,79068
2014-03-05,5.38,5.71,5.3,5.53,157436
2014-03-06,5.51,5.51,5.3,5.43,89895
2014-03-07,5.43,5.49,5.17,5.17,74214
2014-03-10,5.19,5.44,4.79,4.88,101378
2014-03-11,4.86,5.02,4.78,4.98,61075
2014-03-12,4.95,5.09,4.87,5.05,70753
2014-03-13,5.06,5.16,5.0,5.08,53841
2014-03-14,5.02,5.08,4.93,4.99,41999
2014-03-17,4.99,5.21,4.9,5.21,71161
2014-03-18,5.21,5.32,5.15,5.19,73249
2014-03-19,5.19,5.19,4.96,5.0,67766
2014-03-20,4.97,5.21,4.93,4.93,77056
2014-03-21,4.89,5.08,4.82,5.05,65716
2014-03-24,5.06,5.1,4.99,5.02,51485
2014-03-25,5.02,5.17,4.88,5.17,97332
2014-03-26,5.17,5.37,5.13,5.32,145021
2014-04-04,5.32,5.73,5.18,5.45,152606
2014-04-08,5.33,5.53,5.25,5.43,92177
2014-04-09,5.43,5.82,5.41,5.66,136262
2014-04-10,5.69,5.8,5.58,5.59,170332
2014-04-11,5.49,5.86,5.32,5.86,217683
2014-04-14,5.86,5.91,5.72,5.86,162826
2014-04-15,5.79,5.83,5.62,5.67,94873
2014-04-16,5.61,5.71,5.57,5.64,60342
2014-04-17,5.79,5.96,5.71,5.71,148954
2014-04-18,5.65,5.66,5.5,5.59,75135
2014-04-21,5.51,5.72,5.4,5.43,82070
2014-04-22,5.43,5.5,4.98,5.12,122195
2014-04-23,5.12,5.17,5.02,5.1,46140
2014-04-24,5.1,5.13,5.01,5.02,43491
2014-04-25,5.02,5.12,4.98,4.99,36302
2014-04-28,4.98,5.01,4.8,4.87,45585
2014-04-29,4.87,5.04,4.87,5.03,36341
2014-04-30,5.02,5.29,5.01,5.19,63624
2014-05-05,5.15,5.28,5.1,5.23,47569
2014-05-06,5.25,5.5,5.23,5.34,111976
2014-05-07,5.27,5.44,5.13,5.13,77217
2014-05-08,5.1,5.34,5.06,5.17,56232
2014-05-09,5.12,5.19,5.0,5.06,42487
2014-05-12,5.13,5.3,5.08,5.28,55013
2014-05-13,5.25,5.37,5.21,5.22,45276
2014-05-14,5.19,5.75,5.12,5.67,215516
2014-05-15,5.61,5.65,5.42,5.44,144325
2014-05-16,5.39,5.6,5.38,5.56,105656
2014-05-19,5.56,5.56,5.25,5.3,89854
2014-05-20,5.41,5.48,5.27,5.3,72734
2014-05-21,5.24,5.34,5.06,5.3,58589
2014-05-22,5.31,5.54,5.27,5.45,121062
2014-05-23,5.39,5.48,5.34,5.45,68000
2014-05-26,5.58,5.63,5.46,5.54,92150
2014-05-27,5.57,5.76,5.53,5.66,134013
2014-05-28,5.65,5.7,5.53,5.67,94360
2014-05-29,5.65,5.86,5.53,5.53,126181
2014-05-30,5.54,5.56,5.37,5.49,81111
2014-06-03,5.53,5.74,5.5,5.58,103928
2014-06-04,5.59,5.78,5.57,5.66,113138
2014-06-05,5.67,5.84,5.61,5.8,146952
2014-06-06,5.81,5.86,5.69,5.72,99043
2014-06-09,5.7,5.79,5.54,5.54,97354
2014-06-10,5.55,5.83,5.55,5.81,130115
2014-06-11,5.77,5.93,5.67,5.84,126545
2014-06-12,5.8,5.86,5.69,5.72,83043
2014-06-13,5.7,5.94,5.7,5.85,121611
2014-06-16,5.87,5.88,5.75,5.86,95215
2014-06-17,5.84,5.84,5.7,5.73,106203
2014-06-18,5.74,5.88,5.63,5.67,106322
2014-06-19,5.66,5.66,5.13,5.21,128937
2014-06-20,5.17,5.34,5.13,5.28,61127
2014-06-23,5.31,5.44,5.29,5.34,45176
2014-06-24,5.36,5.43,5.32,5.34,48127
2014-06-25,5.34,5.39,5.23,5.3,37653
2014-06-26,5.33,5.47,5.3,5.44,64904
2014-06-27,5.46,5.49,5.38,5.38,73760
2014-06-30,5.38,5.55,5.34,5.53,99554
2014-07-01,5.51,5.58,5.47,5.51,84487
2014-07-02,5.53,5.56,5.36,5.47,72593
2014-07-03,5.49,5.53,5.45,5.49,60819
2014-07-04,5.49,5.54,5.43,5.51,62299
2014-07-07,5.55,5.55,5.38,5.4,63012
2014-07-08,5.38,5.38,5.22,5.32,91369
2014-07-09,5.3,5.32,5.17,5.17,71942
2014-07-10,5.17,5.26,5.14,5.23,45954
2014-07-11,5.26,5.48,5.23,5.46,87334
2014-07-14,5.41,5.51,5.38,5.48,73498
2014-07-15,5.45,5.51,5.35,5.39,54809
2014-07-16,5.4,5.42,5.23,5.28,45295
2014-07-17,5.28,5.32,5.2,5.27,30519
2014-07-31,5.65,5.92,5.54,5.68,320641
2014-08-01,5.62,5.75,5.45,5.47,192761
2014-08-04,5.47,5.59,5.47,5.54,90923
2014-08-05,5.55,5.71,5.47,5.7,150053
2014-08-06,5.69,5.69,5.6,5.64,98750
2014-08-07,5.63,5.71,5.55,5.56,94249
2014-08-08,5.56,5.87,5.56,5.76,196572
2014-08-11,5.76,5.94,5.75,5.9,168644
2014-08-12,6.01,6.19,5.94,5.94,192503
2014-08-13,6.0,6.51,5.88,6.39,360970
2014-08-14,6.37,6.61,6.28,6.28,263298
2014-08-15,6.31,6.63,6.22,6.56,208968
2014-08-18,6.65,6.9,6.48,6.59,190549
2014-08-19,6.62,6.62,6.16,6.26,243897
2014-08-20,6.26,6.34,6.19,6.3,117448
2014-08-21,6.3,6.3,6.03,6.16,173368
2014-08-22,6.12,6.29,6.09,6.25,128180
2014-08-25,6.27,6.42,6.08,6.37,162849
2014-08-26,6.39,7.17,6.39,6.84,430779
2014-08-27,6.77,7.12,6.66,6.85,314612
2014-08-28,6.82,6.93,6.63,6.69,146857
2014-08-29,6.69,7.42,6.69,7.33,322107
2014-09-01,7.27,7.55,7.23,7.37,224309
2014-09-02,7.27,7.46,7.17,7.34,214581
2014-09-03,7.34,7.44,7.15,7.28,186357
2014-09-04,7.14,7.14,6.95,7.1,250266
2014-09-05,7.05,7.29,7.01,7.17,183417
2014-09-09,7.22,7.24,7.0,7.07,109723
2014-09-10,6.86,6.86,6.29,6.66,293048
2014-09-11,6.59,6.83,6.55,6.78,223650
2014-09-12,6.71,6.87,6.56,6.69,160438
2014-09-15,6.7,7.1,6.59,7.07,236298
2014-09-16,7.01,7.17,6.59,6.59,182502
2014-09-17,6.57,6.67,6.3,6.5,132777
2014-09-18,6.48,6.6,6.42,6.54,78721
2014-09-19,6.54,6.64,6.51,6.58,71388
2014-09-22,6.59,6.8,6.51,6.69,117374
2014-09-23,6.69,6.78,6.62,6.73,61374
2014-09-24,6.75,6.78,6.62,6.76,103207
2014-09-25,6.81,6.83,6.53,6.56,103171
2014-09-26,6.52,6.57,6.4,6.5,67620
2014-09-29,6.55,6.69,6.48,6.64,84889
2014-09-30,6.66,6.99,6.63,6.89,149374
2014-10-08,6.63,6.63,6.39,6.58,218900
2014-10-09,6.56,6.65,6.43,6.63,135843
2014-10-10,6.6,6.6,6.48,6.5,73024
2014-10-13,6.47,6.54,6.42,6.48,68731
2014-10-14,6.48,6.56,6.36,6.41,83069
2014-10-15,6.43,6.46,6.32,6.39,71678
2014-10-16,6.34,6.47,6.31,6.36,66532
2014-10-17,6.32,6.4,6.09,6.11,87295
2014-10-20,6.1,6.27,6.07,6.26,64726
2014-11-17,6.28,6.61,6.2,6.4,166881
2014-11-18,6.39,6.39,6.01,6.07,116802
2014-11-19,6.07,6.14,6.01,6.09,50546
2014-11-20,6.09,6.09,5.89,5.9,71442
2014-11-21,5.91,6.06,5.89,6.05,59856
2014-11-24,6.08,6.13,5.98,6.09,89985
2014-11-25,6.07,6.28,6.03,6.22,87286
2014-11-26,6.22,6.42,6.18,6.28,97455
2014-11-27,6.28,6.32,6.15,6.23,100994
2014-11-28,6.36,6.38,6.2,6.26,117610
2014-12-01,6.29,6.3,5.98,6.01,103391
2014-12-02,6.01,6.14,6.01,6.07,72653
2014-12-03,6.11,6.22,5.91,6.2,127688
2014-12-04,6.2,6.35,6.16,6.28,117794
2014-12-05,6.32,6.32,5.93,6.02,109975
2014-12-08,6.06,6.14,5.95,5.97,95060
2014-12-09,5.97,6.0,5.55,5.55,141929
2014-12-10,5.57,5.7,5.45,5.64,129348
2014-12-11,5.57,5.72,5.53,5.68,100254
2014-12-12,5.69,5.84,5.66,5.81,86202
2014-12-15,5.83,5.94,5.77,5.92,85603
2014-12-16,5.92,5.94,5.76,5.77,65036
2014-12-17,5.77,5.77,5.53,5.58,85758
2014-12-18,5.61,5.8,5.61,5.73,89877
2014-12-19,5.76,5.76,5.52,5.56,72273
2014-12-22,5.55,5.55,5.22,5.23,81445
2014-12-23,5.28,5.37,5.13,5.17,65298
2014-12-24,5.21,5.34,5.19,5.33,53268
2014-12-25,5.31,5.38,5.25,5.34,48854
2014-12-26,5.32,5.4,5.28,5.35,46027
2014-12-29,5.38,5.38,5.16,5.21,56073
2014-12-30,5.21,5.23,4.99,5.01,63505
2014-12-31,5.03,5.13,5.0,5.06,59034
2015-01-05,5.08,5.21,4.95,5.19,81101
2015-01-06,5.19,5.5,5.1,5.43,116959
2015-01-07,5.45,5.45,5.32,5.36,57758
2015-01-08,5.41,5.77,5.37,5.66,144395
2015-01-09,5.65,5.94,5.57,5.7,171943
2015-01-12,5.7,5.75,5.59,5.63,61201
2015-01-13,5.63,5.86,5.61,5.75,72376
2015-01-14,5.75,5.79,5.49,5.55,66829
2015-01-15,5.56,5.67,5.53,5.57,42536
2015-01-16,5.58,5.65,5.54,5.6,59875
2015-01-19,5.48,5.67,5.29,5.39,78854
2015-01-20,5.41,5.64,5.39,5.63,88332
2015-01-21,5.68,5.93,5.68,5.79,120584
2015-01-22,5.83,6.28,5.83,6.26,268532
2015-01-23,6.28,6.28,6.03,6.07,156145
2015-01-26,6.15,6.32,6.09,6.2,128076
2015-01-27,6.2,6.33,6.03,6.25,119686
2015-01-28,6.18,6.39,6.16,6.27,128891
2015-01-29,6.18,6.28,6.08,6.09,86759
2015-01-30,6.12,6.18,6.05,6.08,53430
2015-02-02,6.08,6.26,6.0,6.21,81398
2015-02-03,6.2,6.59,6.16,6.47,187097
2015-02-04,6.47,6.5,6.35,6.45,81022
2015-02-05,6.52,6.52,6.32,6.35,88795
2015-02-06,6.36,6.42,6.11,6.31,106018
2015-02-09,6.22,6.42,6.18,6.21,54940
2015-02-10,6.2,6.32,6.08,6.32,44446
2015-02-11,6.33,6.56,6.33,6.5,76272
2015-02-12,6.5,6.58,6.42,6.52,86601
2015-02-13,6.55,6.63,6.45,6.56,95260
2015-02-16,6.57,6.8,6.57,6.72,104287
2015-02-17,6.75,6.83,6.65,6.7,72041
2015-02-25,6.73,6.76,6.56,6.57,72050
2015-02-26,6.55,6.67,6.51,6.64,74705
2015-02-27,6.61,6.77,6.6,6.68,87795
2015-03-02,6.72,7.36,6.69,7.28,235760
2015-03-03,7.16,7.35,7.13,7.19,105302
2015-03-04,7.27,7.62,7.27,7.5,171953
2015-03-05,7.5,7.72,7.38,7.66,110981
2015-03-06,7.66,7.77,7.15,7.23,121388
2015-03-09,7.19,8.12,7.04,8.12,203846
2015-03-10,8.17,8.74,7.96,8.22,246930
2015-03-11,8.37,8.43,8.03,8.23,130872
2015-03-12,8.13,8.2,7.79,7.92,101652
2015-03-13,7.92,8.09,7.78,7.97,86880
2015-03-16,8.06,8.21,7.84,7.97,171918
2015-03-17,7.98,8.63,7.9,8.33,204452
2015-03-18,8.29,8.36,8.07,8.28,136034
2015-03-19,8.23,8.24,7.96,8.09,123286
2015-03-20,8.11,8.17,7.82,7.91,139002
2015-03-23,7.88,8.37,7.88,8.35,219469
2015-03-24,8.4,8.5,7.84,8.14,191342
2015-03-25,8.13,8.57,7.9,8.43,208914
2015-03-26,8.5,8.91,8.24,8.5,233241
2015-03-27,8.52,8.61,8.27,8.5,117549
2015-03-30,8.49,8.76,8.39,8.57,118404
2015-03-31,8.63,8.7,8.37,8.46,118888
2015-04-01,8.44,8.63,8.28,8.56,134608
2015-04-02,8.66,9.24,8.55,8.96,202641
2015-04-03,8.85,9.11,8.76,9.06,159871
2015-04-07,9.1,9.45,9.06,9.16,189166
2015-04-08,9.16,9.67,9.08,9.31,203245
2015-04-09,9.41,9.51,8.46,8.69,197718
2015-04-10,8.72,9.59,8.72,9.24,166623
2015-04-13,9.36,9.64,9.24,9.43,141566
2015-04-14,9.43,9.46,9.03,9.08,151236
2015-04-15,9.08,9.4,8.47,8.63,146226
2015-04-16,8.63,8.84,8.3,8.59,88544
2015-04-17,8.6,8.71,8.31,8.4,156330
2015-04-20,8.41,8.41,7.98,8.11,111005
2015-04-21,8.11,8.65,8.06,8.55,105297
2015-04-22,8.54,8.94,8.53,8.75,119501
2015-04-23,8.8,8.84,8.65,8.78,107774
2015-04-24,8.65,8.77,8.39,8.67,103332
2015-04-27,8.74,9.06,8.67,8.78,106968
2015-04-28,8.79,8.79,8.17,8.34,132711
2015-04-29,8.34,8.69,8.19,8.54,103153
2015-04-30,8.69,8.73,8.49,8.54,108514
2015-05-04,8.54,8.73,8.41,8.58,84069
2015-05-05,8.61,9.6,8.61,9.6,285422
2015-05-06,9.78,10.73,9.74,10.47,560887
2015-05-07,10.52,11.53,10.5,10.75,343259
2015-05-08,10.6,11.99,10.4,11.99,296574
2015-05-11,12.0,13.35,12.0,13.35,330419
2015-05-12,13.47,13.95,12.75,13.36,222089
2015-05-13,13.07,13.87,12.85,13.16,193483
2015-05-14,13.01,13.77,12.97,13.13,155397
2015-05-15,12.93,12.93,11.98,12.33,231417
2015-05-18,12.48,13.36,12.18,12.87,194063
2015-05-19,12.77,13.17,12.52,12.76,158259
2015-05-20,12.8,14.2,12.8,13.95,243416
2015-05-21,14.15,15.51,13.52,14.18,305905
2015-05-22,14.23,14.45,13.41,13.89,189929
2015-05-25,13.44,14.34,13.17,13.75,180817
2015-05-26,13.8,15.04,13.71,14.62,177146
2015-05-27,14.56,14.62,13.87,14.38,137426
2015-05-28,14.77,15.96,13.71,13.83,216338
2015-05-29,13.87,15.38,13.87,15.38,214673
2015-06-01,16.69,17.08,16.53,17.08,49999
2015-06-02,18.29,18.95,17.1,18.33,405061
2015-06-03,18.09,20.03,17.71,18.59,275365
2015-06-04,18.09,18.09,16.57,16.67,250306
2015-06-05,16.69,17.3,16.13,16.97,206399
2015-06-08,17.11,17.23,15.33,16.02,144875
2015-06-09,16.0,16.75,15.57,15.9,100939
2015-06-10,15.95,17.32,15.67,16.91,160136
2015-06-11,16.83,17.26,16.5,16.6,102069
2015-06-12,16.6,17.11,16.2,16.44,111123
2015-06-15,16.53,17.5,16.12,17.34,193911
2015-06-16,16.52,17.07,15.46,15.69,130081
2015-06-17,15.69,15.94,14.54,15.65,133080
2015-06-18,15.33,15.33,13.92,13.92,117603
2015-06-19,13.55,14.54,12.44,12.61,99318
2015-06-23,12.62,13.15,11.51,12.93,102218
2015-06-24,13.08,13.3,12.53,13.04,124599
2015-06-25,13.08,13.98,12.69,13.06,148597
2015-06-26,12.37,12.37,11.59,11.59,119865
2015-06-29,11.59,11.82,10.27,10.27,157833
2015-06-30,10.12,10.8,9.08,10.7,192867
2015-07-01,10.28,11.33,9.47,9.47,187480
2015-07-02,9.41,9.42,8.36,8.36,200214
2015-07-03,7.38,8.42,7.36,7.36,233504
2015-07-06,8.15,8.22,6.46,6.46,256301
2015-07-07,5.78,6.09,5.65,5.65,119949
2015-07-08,4.92,5.47,4.92,5.21,634313
2015-07-09,4.96,5.9,4.95,5.9,189802
2015-07-10,6.65,6.65,6.26,6.65,45945
2015-07-13,7.48,7.48,7.48,7.48,19306
2015-07-14,8.39,8.39,7.99,8.39,175861
2015-07-15,8.43,8.43,7.39,7.39,250350
2015-07-16,7.39,8.1,6.66,7.88,182602
2015-07-17,7.9,8.84,7.89,8.84,195589
2015-07-20,8.84,9.8,8.69,9.2,210030
2015-07-21,8.93,9.83,8.7,9.75,183723
2015-07-22,9.73,10.05,9.4,9.86,185241
2015-07-23,9.86,10.2,9.6,9.97,128776
2015-07-24,10.01,10.67,9.41,9.56,173759
2015-07-27,9.14,9.55,8.44,8.44,161573
2015-07-28,7.84,8.38,7.43,7.53,222327
2015-07-29,7.76,8.4,7.05,8.35,201117
2015-07-30,8.15,8.59,7.58,7.76,155287
2015-07-31,7.57,7.76,6.92,7.13,133721
2015-08-03,7.04,7.31,6.29,6.77,122332
2015-08-04,6.89,7.61,6.89,7.61,98163
2015-08-05,8.3,8.43,7.62,8.02,178464
2015-08-06,7.64,8.86,7.62,8.62,159707
2015-08-07,8.62,9.25,8.47,9.2,175935
2015-08-10,9.18,10.17,9.02,10.01,180405
2015-08-11,9.88,10.04,9.53,9.57,143868
2015-08-12,9.49,9.65,8.96,9.0,141352
2015-08-13,9.0,10.06,9.0,10.06,193377
2015-08-14,10.21,10.47,9.75,10.35,166503
2015-08-17,11.19,11.19,10.14,10.76,279786
2015-08-18,10.99,11.07,9.52,9.52,227543
2015-08-19,8.65,9.8,8.4,9.57,210877
2015-08-20,9.3,9.56,8.76,9.01,139990
2015-08-21,8.7,8.79,7.95,7.95,133571
2015-08-24,7.39,7.39,6.99,6.99,84669
2015-08-25,6.13,6.5,6.13,6.13,127343
2015-08-26,6.19,6.49,5.37,5.38,196322
2015-08-27,5.57,6.08,5.34,6.08,182199
2015-08-28,6.26,6.85,6.24,6.85,194488
2015-08-31,6.91,6.93,6.26,6.33,150377
2015-09-01,6.26,6.26,5.6,5.77,145925
2015-09-02,5.4,6.51,5.28,6.18,251454
2015-09-07,6.26,6.72,5.4,5.6,428096
2015-09-08,5.29,6.07,5.21,6.07,223052
2015-09-09,6.29,6.57,5.83,6.33,407763
2015-09-10,6.11,6.67,6.0,6.28,292887
2015-09-11,6.28,6.41,6.14,6.3,155874
2015-09-14,6.37,6.41,5.51,5.51,198334
2015-09-15,5.27,5.66,4.79,4.83,185472
2015-09-16,4.88,5.48,4.81,5.47,177126
2015-09-17,5.39,5.7,5.15,5.25,210779
2015-09-18,5.33,5.56,5.2,5.51,158646
2015-09-21,5.4,5.86,5.28,5.81,203268
2015-09-22,5.87,6.01,5.61,5.75,196008
2015-09-23,5.55,5.68,5.37,5.56,194793
2015-09-24,5.51,5.98,5.43,5.9,274520
2015-09-25,5.75,5.87,5.32,5.41,169866
2015-09-28,5.46,5.66,5.33,5.63,121457
2015-09-29,5.47,5.6,5.4,5.46,112333
2015-09-30,5.53,5.61,5.38,5.47,69175
2015-10-08,5.78,6.01,5.68,5.9,175215
2015-10-09,5.9,6.32,5.84,6.22,147392
2015-10-12,6.29,6.88,6.28,6.65,197281
2015-10-13,6.65,6.99,6.54,6.71,188346
2015-10-14,6.57,6.89,6.54,6.54,143330
2015-10-15,6.49,6.92,6.49,6.87,163310
2015-10-16,6.97,7.15,6.69,6.99,165642
2015-10-19,7.11,7.48,6.92,7.22,251717
2015-10-20,7.29,7.74,7.25,7.45,187964
2015-10-21,7.43,7.43,6.54,6.54,242694
2015-10-22,6.54,6.89,6.46,6.85,134862
2015-10-23,6.85,7.27,6.75,7.17,148940
2015-10-26,7.36,7.5,7.05,7.19,184467
2015-10-27,7.16,7.16,6.59,7.08,164829
2015-10-28,7.03,7.54,6.97,7.16,224131
2015-10-29,7.25,8.03,7.09,7.84,269039
2015-10-30,7.64,7.91,7.4,7.61,202620
2015-11-02,7.28,7.86,7.16,7.25,159403
2015-11-03,7.28,7.36,6.93,7.13,111920
2015-11-04,7.17,7.83,7.13,7.71,189374
2015-11-05,7.71,7.9,7.51,7.68,183209
2015-11-06,7.77,8.09,7.73,8.03,206348
2015-11-09,7.91,8.3,7.76,8.26,178313
2015-11-10,8.24,9.25,8.23,9.25,120378
2015-11-11,10.33,10.33,10.33,10.33,40919
2015-11-12,11.53,11.53,10.49,11.07,819273
2015-11-13,10.91,10.91,9.81,10.08,437121
2015-11-16,9.81,11.23,9.77,10.8,423687
2015-11-17,11.09,11.79,10.16,10.2,440192
2015-11-18,10.07,11.39,10.05,11.02,527352
2015-11-19,11.4,12.28,11.4,12.28,287150
2015-11-20,13.68,13.68,13.16,13.68,823692
2015-11-23,13.36,14.44,12.97,14.12,875794
2015-11-24,13.75,13.83,13.08,13.5,461058
2015-11-25,13.36,14.58,13.25,13.66,596721
2015-11-26,13.43,13.44,12.6,12.73,506565
2015-11-27,12.69,13.24,11.46,11.98,484729
2015-11-30,12.33,12.74,11.58,12.52,428494
2015-12-01,12.2,12.29,11.28,11.89,409392
2015-12-02,11.96,12.13,10.99,11.74,318895
2015-12-03,11.94,12.52,11.81,12.21,330905
2015-12-04,12.01,12.88,11.84,12.35,455529
2015-12-07,12.57,13.55,12.21,13.24,473932
2015-12-08,12.97,13.44,12.72,12.93,348377
2015-12-09,12.81,12.99,12.1,12.22,264650
2015-12-10,12.23,12.69,12.02,12.03,238580
2015-12-11,12.14,12.21,11.78,11.84,169240
2015-12-14,11.81,12.14,11.67,12.14,163955
2015-12-15,12.06,12.88,12.0,12.61,220370
2015-12-16,12.87,14.03,12.87,13.38,534673
2015-12-17,13.2,13.89,13.08,13.62,443288
2015-12-18,13.41,14.01,13.21,13.28,297116
2015-12-21,13.04,13.2,12.71,12.87,223815
2015-12-22,13.08,13.24,12.74,13.14,191469
2015-12-23,13.12,13.12,12.46,12.57,191978
2015-12-24,12.52,12.91,12.31,12.91,187992
2015-12-25,12.95,13.83,12.77,13.51,305049
2015-12-28,13.71,14.7,13.44,13.48,427110
2015-12-29,13.64,14.66,13.31,14.35,459254
2015-12-30,14.32,15.95,13.96,15.65,586994
2015-12-31,15.25,15.39,14.39,14.39,354873
2016-01-04,14.35,14.77,12.78,12.78,267583
2016-01-05,11.43,12.89,11.34,12.12,376720
2016-01-06,12.23,12.44,11.39,12.16,323914
2016-01-07,11.59,11.7,10.78,10.78,76939
2016-01-08,10.78,11.0,9.6,10.08,305912
2016-01-11,9.62,9.65,8.91,8.91,273459
2016-01-12,8.86,9.71,8.66,9.33,311240
2016-01-13,9.41,9.75,8.74,9.04,292513
2016-01-14,8.38,10.1,8.35,10.1,297239
2016-01-15,9.86,10.46,9.66,9.78,307655
2016-01-18,9.38,10.66,9.34,10.4,298480
2016-01-19,10.25,10.83,10.07,10.83,276894
2016-01-20,10.8,11.74,10.6,11.21,371564
2016-01-21,10.89,11.3,9.93,9.93,253770
2016-01-22,10.4,11.08,10.2,11.08,328342
2016-01-25,11.41,11.92,11.07,11.56,397628
2016-01-26,11.19,11.45,10.31,10.84,314175
2016-01-27,11.01,11.6,10.0,11.45,362756
2016-01-28,10.99,11.11,10.14,10.14,300337
2016-01-29,9.77,10.6,9.07,10.18,327738
2016-02-01,10.16,10.76,9.95,10.34,247895
2016-02-02,10.51,11.15,10.23,10.8,272556
2016-02-03,10.52,10.71,10.08,10.54,221858
2016-02-04,10.76,11.58,10.56,11.09,288542
2016-02-05,11.24,11.24,10.51,10.6,213424
2016-02-15,10.26,11.83,10.01,11.83,468549
2016-02-16,12.04,12.93,11.9,12.63,507489
2016-02-17,12.49,13.7,12.37,13.32,490194
2016-02-18,13.12,13.39,12.81,13.0,418565
2016-02-19,12.85,13.7,12.84,13.13,412899
2016-02-22,13.33,14.1,13.11,13.77,387227
2016-02-23,13.5,13.6,13.23,13.38,328625
2016-02-24,13.17,13.52,12.57,13.0,346927
2016-02-25,12.97,13.19,11.53,11.59,407258
2016-02-26,11.82,12.33,11.66,11.9,344162
2016-02-29,11.58,11.65,10.55,10.55,112000
2016-03-01,9.88,11.31,9.41,10.85,390996
2016-03-02,10.64,11.51,10.6,11.26,310322
2016-03-03,10.87,11.77,10.87,11.04,455994
2016-03-04,10.9,11.04,9.78,9.78,425456
2016-03-07,9.97,10.36,9.79,9.83,241122
2016-03-08,9.81,9.91,8.79,9.72,279341
2016-03-09,9.67,10.85,9.41,10.18,408632
2016-03-10,10.21,10.34,9.57,9.73,278948
2016-03-11,9.42,9.92,9.27,9.75,192202
2016-03-14,10.0,10.67,9.86,10.37,325940
2016-03-15,10.47,10.69,10.28,10.41,299420
2016-03-16,10.59,10.59,9.81,10.07,260716
2016-03-17,10.12,11.11,10.09,11.06,447667
2016-03-18,11.06,11.98,10.99,11.57,428113
2016-03-21,11.96,12.25,11.62,11.95,393652
2016-03-22,11.79,12.41,11.71,11.86,351195
2016-03-23,11.86,12.13,11.66,12.06,309563
2016-03-24,12.06,12.48,11.7,11.79,384711
2016-03-25,11.79,12.07,11.52,11.88,280246
2016-03-28,12.05,12.25,11.54,11.66,279076
2016-03-29,11.71,12.45,11.58,12.17,518328
2016-03-30,12.51,12.82,12.2,12.78,535567
2016-03-31,12.57,12.68,12.4,12.53,371104
2016-04-01,12.3,12.44,11.39,11.91,326103
2016-04-05,12.1,12.54,11.73,12.45,296794
2016-04-06,12.29,12.66,12.24,12.39,259695
2016-04-07,12.52,12.52,11.75,11.78,277668
2016-04-08,11.82,11.92,11.12,11.39,244290
2016-04-11,11.65,11.89,11.47,11.55,233144
2016-04-12,11.46,11.64,11.22,11.64,176304
2016-04-13,11.78,12.93,11.78,12.5,550348
2016-04-14,12.57,12.65,12.3,12.64,354719
2016-04-15,12.57,12.57,12.16,12.39,236523
2016-04-18,12.29,12.29,11.82,11.99,211557
2016-04-19,12.16,12.37,11.92,12.15,223801
2016-04-20,12.21,12.24,10.79,10.99,355861
2016-04-21,11.0,11.11,10.43,10.5,186220
2016-04-22,10.4,10.79,10.29,10.72,141543
2016-04-25,10.73,10.77,10.16,10.37,133504
2016-04-26,10.38,10.66,10.38,10.64,136174
2016-04-27,10.8,10.8,10.44,10.44,150489
2016-04-28,10.46,10.52,10.04,10.51,147428
2016-04-29,10.44,10.58,10.33,10.49,108231
2016-05-03,10.56,11.07,10.35,11.05,195103
2016-05-04,10.99,11.49,10.91,11.35,254283
2016-05-05,11.38,11.45,11.15,11.37,174136
2016-05-06,11.43,11.54,10.62,10.7,225541
2016-05-09,10.72,10.97,10.33,10.73,185466
2016-05-10,10.83,10.87,10.18,10.38,153398
2016-05-11,10.52,10.52,9.93,9.97,158192
2016-05-12,9.67,10.34,9.22,10.3,177165
2016-05-13,10.4,11.12,10.35,10.66,229402
2016-05-16,10.66,10.95,10.27,10.85,237364
2016-05-17,11.07,11.54,10.95,11.04,380654
2016-05-18,10.72,11.34,10.47,11.09,352428
2016-05-19,11.09,11.57,11.08,11.14,366926
2016-05-20,11.19,11.96,10.85,11.9,532571
2016-05-23,11.94,12.26,11.62,11.93,501198
2016-05-24,11.93,12.25,11.7,11.99,361545
2016-05-25,12.13,12.17,11.41,11.54,337443
2016-05-26,11.38,11.95,11.26,11.86,295956
2016-05-27,11.86,12.99,11.83,12.45,657457
2016-05-30,12.11,12.73,11.99,12.06,382514
2016-05-31,12.11,12.67,12.1,12.57,328887
2016-06-01,12.7,13.99,12.61,13.99,730793
2016-06-02,14.03,14.43,13.83,14.42,639001
2016-06-03,14.15,14.33,13.87,13.97,415119
2016-06-06,14.15,14.49,13.81,14.11,363260
2016-06-07,14.11,14.21,13.56,14.0,301590
2016-06-08,13.85,14.21,13.68,14.0,317515
2016-06-13,13.68,13.97,12.44,12.44,397289
2016-06-14,12.31,12.7,12.18,12.43,237602
2016-06-15,12.26,13.57,12.2,13.31,318535
2016-06-16,13.26,13.97,13.24,13.53,336327
2016-06-17,13.53,13.72,13.26,13.59,249321
2016-06-20,13.82,14.43,13.33,14.31,386742
2016-06-21,14.43,14.68,13.66,13.86,408940
2016-06-22,13.62,15.27,13.39,15.04,579625
2016-06-23,14.93,15.33,14.59,14.99,448759
2016-06-24,14.85,15.56,13.98,14.78,424781
2016-06-27,14.77,15.15,14.65,14.92,314235
2016-06-28,15.34,16.35,15.34,15.86,496551
2016-06-29,15.63,16.08,15.46,15.66,310516
2016-06-30,15.61,15.97,14.92,14.97,389605
2016-07-01,14.97,15.38,14.8,15.01,242788
2016-07-04,14.8,15.27,14.68,14.99,252346
2016-07-05,14.99,15.32,14.77,15.2,284326
2016-07-06,14.99,15.1,14.59,14.8,270097
2016-07-07,14.72,14.8,14.15,14.49,307007
2016-07-08,14.5,14.97,14.49,14.68,259749
2016-07-11,15.57,16.09,14.92,14.93,462517
2016-07-12,15.27,15.45,14.6,15.02,309829
2016-07-13,15.18,15.73,14.68,15.39,441970
2016-07-14,15.28,15.45,14.89,14.98,332129
2016-07-15,15.08,15.39,14.75,15.1,342370
2016-07-18,14.9,15.01,14.57,14.62,285713
2016-07-19,14.6,14.87,14.15,14.5,313987
2016-07-20,14.49,14.56,14.21,14.21,218616
2016-07-21,14.16,14.53,14.12,14.27,212828
2016-07-22,14.27,14.35,13.97,14.07,179481
2016-07-25,13.93,14.16,13.73,13.78,174949
2016-07-26,13.78,13.95,13.75,13.91,140284
2016-07-27,13.94,14.08,12.49,12.7,279514
2016-07-28,12.7,12.82,12.03,12.34,215269
2016-07-29,12.36,12.46,11.95,12.06,154479
2016-08-01,11.9,11.9,11.39,11.69,168858
2016-08-02,11.7,11.85,11.63,11.82,120610
2016-08-03,11.69,11.78,11.47,11.78,148055
2016-08-04,11.66,12.5,11.62,12.24,280756
2016-08-05,12.11,12.31,11.79,11.81,257059
2016-08-08,11.79,12.49,11.5,12.3,299849
2016-08-09,12.31,12.66,12.24,12.43,331555
2016-08-10,12.42,12.52,12.24,12.27,290335
2016-08-11,12.21,12.3,11.84,11.84,200670
2016-08-12,11.78,12.05,11.72,12.02,132812
2016-08-15,12.13,12.54,11.89,12.34,290951
2016-08-16,12.36,12.6,12.32,12.36,228459
2016-08-17,12.36,12.66,12.36,12.48,268838
2016-08-18,12.58,13.31,12.58,13.18,529091
2016-08-19,13.27,13.28,12.97,12.97,257563
2016-08-22,13.05,13.07,12.72,12.74,176485
2016-08-23,12.92,12.92,12.53,12.66,144986
2016-08-24,12.79,14.02,12.73,13.66,615270
2016-08-25,13.33,13.5,13.08,13.38,363256
2016-08-26,13.56,13.65,13.2,13.3,239500
2016-08-29,13.43,13.69,13.26,13.41,217878
2016-08-30,13.66,14.31,13.65,13.84,509539
2016-08-31,13.85,13.87,13.32,13.5,255512
2016-09-01,13.5,13.6,13.34,13.36,195999
2016-09-02,13.32,13.74,13.23,13.71,309115
2016-09-05,13.82,14.2,13.63,13.67,340363
2016-09-06,13.6,14.0,13.27,13.97,309680
2016-09-07,13.98,13.98,13.69,13.73,226770
2016-09-08,13.62,13.85,13.33,13.47,240133
2016-09-09,13.41,13.59,13.23,13.37,174582
2016-09-12,12.91,13.39,12.61,12.76,210715
2016-09-13,12.95,13.24,12.84,13.19,225465
2016-09-14,13.14,13.91,13.11,13.4,415839
2016-09-19,13.43,13.76,13.25,13.4,222484
2016-09-20,13.36,13.36,13.09,13.29,152686
2016-09-21,13.36,13.76,13.27,13.7,309897
2016-09-22,13.79,13.86,13.57,13.7,263656
2016-09-23,13.68,13.81,13.4,13.47,155557
2016-09-26,13.37,13.37,12.73,12.79,264954
2016-09-27,12.85,13.02,12.64,12.94,136434
2016-09-28,12.97,13.04,12.82,12.94,108734
2016-09-29,12.96,13.24,12.91,13.0,157590
2016-09-30,13.2,13.23,13.0,13.02,79902
2016-10-10,13.2,13.55,13.06,13.49,188512
2016-10-11,13.44,13.69,13.39,13.66,191030
2016-10-12,13.53,13.55,13.39,13.46,127764
2016-10-13,13.47,13.61,13.32,13.45,134089
2016-10-14,13.38,13.51,13.28,13.29,95383
2016-10-17,13.37,13.43,12.68,12.78,210876
2016-10-18,12.78,13.05,12.72,13.01,152405
2016-10-19,13.17,13.17,12.7,12.79,180106
2016-10-20,12.79,13.1,12.76,12.92,158435
2016-10-21,12.89,13.01,12.67,12.82,119070
2016-10-24,12.79,13.01,12.74,12.88,149258
2016-10-25,12.94,12.97,12.79,12.84,108527
2016-10-26,12.79,12.82,12.36,12.4,246745
2016-10-27,12.39,12.52,12.33,12.42,93586
2016-10-28,12.49,12.49,12.18,12.19,108449
2016-10-31,12.31,12.65,12.18,12.49,131307
2016-11-01,12.52,12.57,12.4,12.5,92695
2016-11-02,12.5,12.5,12.3,12.33,87355
2016-11-03,12.33,12.6,12.24,12.39,120163
2016-11-04,12.43,12.57,12.31,12.34,87243
2016-11-07,12.39,12.46,12.27,12.3,68069
2016-11-08,12.34,12.38,12.19,12.27,102440
2016-11-09,12.27,12.32,11.71,11.98,146886
2016-11-10,12.14,12.19,11.97,12.08,109984
2016-11-11,12.08,12.1,11.81,11.98,153758
2016-11-14,11.94,12.13,11.89,12.1,128982
2016-11-15,12.1,12.31,11.99,12.31,126507
2016-11-16,12.6,12.61,12.28,12.31,151853
2016-11-17,12.26,12.31,12.03,12.11,85670
2016-11-18,12.13,12.19,12.03,12.11,86863
2016-11-21,12.13,12.2,12.05,12.1,89848
2016-11-22,12.02,12.18,12.01,12.18,117295
2016-11-23,12.19,12.23,12.04,12.04,128838
2016-11-24,12.03,12.07,11.62,11.71,169671
2016-11-25,11.74,11.85,11.44,11.84,98048
2016-11-28,11.89,11.93,11.79,11.84,72716
2016-11-29,11.84,11.86,11.65,11.66,81308
2016-11-30,11.61,11.92,11.56,11.76,117828
2016-12-01,11.79,11.83,11.62,11.74,101799
2016-12-02,11.75,11.81,11.43,11.52,82075
2016-12-05,11.57,11.87,11.45,11.6,92588
2016-12-06,11.62,11.71,11.57,11.67,70789
2016-12-07,11.68,11.82,11.62,11.77,69931
2016-12-08,11.77,11.81,11.63,11.63,66029
2016-12-09,11.58,11.66,11.44,11.48,67608
2016-12-12,11.59,11.59,10.36,10.44,151963
2016-12-13,10.42,10.42,10.05,10.24,95413
2016-12-14,10.33,10.33,10.07,10.11,62295
2016-12-15,10.11,10.42,10.05,10.17,95768
2016-12-16,10.17,10.43,10.08,10.3,86148
2016-12-19,10.3,10.36,10.08,10.09,75373
2016-12-20,10.12,10.2,10.01,10.1,69771
2016-12-21,10.11,10.21,10.07,10.17,68263
2016-12-22,10.17,10.17,9.99,10.04,70033
2016-12-23,10.63,11.03,10.25,10.36,285333
2016-12-26,10.53,10.75,10.24,10.72,217752
2016-12-27,10.63,10.73,10.41,10.53,176729
2016-12-28,10.65,10.65,10.24,10.24,110451
2016-12-29,10.36,10.36,10.11,10.13,85587
2016-12-30,10.07,10.41,10.05,10.18,118018
2017-01-03,10.25,10.35,10.23,10.29,75687
2017-01-04,10.28,10.37,10.2,10.34,94600
2017-01-05,10.34,10.61,10.32,10.41,115787
2017-01-06,10.41,10.42,10.17,10.18,95293
2017-01-09,10.18,10.54,10.1,10.4,109399
2017-01-10,10.36,10.5,10.29,10.33,71516
2017-01-11,10.3,10.38,10.18,10.18,66699
2017-01-12,10.15,10.28,10.09,10.16,48567
2017-01-13,10.16,10.19,9.78,9.79,79540
2017-01-16,9.79,9.84,8.65,8.97,180938
2017-01-17,8.97,9.11,8.7,9.1,92800
2017-01-18,9.14,9.18,8.93,8.97,69977
2017-01-19,8.88,8.98,8.79,8.82,72453
2017-01-20,8.82,9.21,8.82,9.12,101356
2017-01-23,9.36,9.36,9.17,9.2,76146
2017-01-24,9.2,9.22,8.99,9.02,51758
2017-01-25,9.0,9.13,8.95,9.05,37687
2017-01-26,9.08,9.21,9.08,9.17,58674
2017-02-03,9.17,9.18,9.06,9.13,40904
2017-02-06,9.1,9.28,9.08,9.26,59202
2017-02-07,9.24,9.27,9.1,9.15,56386
2017-02-08,9.14,9.37,9.11,9.31,91879
2017-02-09,9.31,9.65,9.27,9.53,174779
2017-02-10,9.53,9.57,9.35,9.37,82047
2017-02-13,9.36,9.87,9.31,9.82,157472
2017-02-14,9.88,10.53,9.82,10.36,330627
2017-02-15,10.24,10.46,10.14,10.23,171198
2017-02-16,10.23,10.37,10.17,10.34,122502
2017-02-17,10.33,10.38,10.05,10.18,133515
2017-02-20,10.2,10.68,10.18,10.56,216471
2017-02-21,10.57,11.1,10.55,10.78,242750
2017-02-22,10.78,11.63,10.78,11.46,353068
2017-02-23,11.78,12.14,11.31,11.55,372551
2017-02-24,11.5,11.9,11.28,11.61,198144
2017-02-27,11.62,11.93,11.59,11.63,195998
2017-02-28,11.58,11.68,11.2,11.29,208337
2017-03-01,11.28,11.55,11.25,11.3,170054
2017-03-02,11.33,11.83,11.19,11.73,259100
2017-03-03,11.66,11.81,11.55,11.69,168377
2017-03-06,11.6,12.11,11.6,12.11,229986
2017-03-07,12.02,12.15,11.86,12.08,180530
2017-03-08,12.02,12.14,11.19,11.26,290718
2017-03-09,11.21,11.49,11.04,11.3,186347
2017-03-10,11.25,11.4,11.15,11.18,100485
2017-03-13,11.18,11.62,11.07,11.59,183297
2017-03-14,11.65,11.69,11.3,11.51,123892
2017-03-15,11.51,11.69,11.37,11.62,123133
2017-03-16,11.83,11.9,11.44,11.6,172310
2017-03-17,11.56,11.6,11.18,11.19,166489
2017-03-20,11.18,11.31,11.07,11.26,126858
2017-03-21,11.24,11.36,11.13,11.28,86334
2017-03-22,11.26,11.78,11.15,11.76,246958
2017-03-23,11.72,12.0,11.59,11.92,241674
2017-03-24,11.94,12.57,11.94,12.47,401000
2017-03-27,12.52,12.54,12.14,12.33,217490
2017-03-28,12.36,12.54,12.2,12.24,159401
2017-03-29,12.21,12.61,12.14,12.25,202171
2017-03-30,12.2,12.2,11.7,11.86,162353
2017-03-31,11.77,12.09,11.6,11.84,114640
2017-04-05,11.78,12.19,11.78,11.96,121399
2017-04-06,11.9,11.9,11.51,11.62,185707
2017-04-07,11.62,11.87,11.56,11.72,111533
2017-04-10,11.73,12.01,11.67,11.76,117226
2017-04-11,11.69,11.81,11.38,11.63,118358
2017-04-12,11.53,11.59,11.4,11.41,88288
2017-04-13,11.28,11.52,11.22,11.28,74622
2017-04-14,11.28,11.4,10.84,10.94,81820
2017-04-17,10.89,11.27,10.89,11.08,74514
2017-04-18,11.13,11.39,11.01,11.26,72975
2017-04-19,11.24,11.28,10.57,10.63,143489
2017-04-20,10.63,10.95,10.57,10.82,112118
2017-04-21,10.72,10.9,10.47,10.48,80834
2017-04-24,10.53,10.56,10.17,10.23,98715
2017-04-25,10.23,10.42,10.19,10.2,69366
2017-04-26,10.31,10.59,10.15,10.49,107793
2017-04-27,10.43,10.8,10.15,10.69,117613
2017-04-28,10.63,10.88,10.59,10.74,78140
2017-05-02,10.82,11.05,10.72,10.91,94135
2017-05-03,10.94,10.99,10.31,10.91,100662
2017-05-04,10.92,11.13,10.66,10.99,85818
2017-05-05,10.98,11.34,10.98,11.04,123832
2017-05-08,10.98,11.39,10.97,11.14,123232
2017-05-09,11.16,11.32,10.89,11.11,99445
2017-05-10,11.19,11.28,10.89,10.97,96130
2017-05-11,10.98,10.98,10.24,10.57,120532
2017-05-12,10.55,10.84,10.51,10.76,64986
2017-05-15,10.78,11.22,10.78,11.18,102755
2017-05-16,11.16,11.76,11.07,11.73,177408
2017-05-17,11.65,11.87,11.58,11.73,134124
2017-05-18,11.65,11.84,11.52,11.55,74664
2017-05-19,11.59,11.62,11.18,11.3,82502
2017-05-22,11.3,11.47,11.1,11.25,80411
2017-05-23,11.14,11.31,10.68,10.71,89925
2017-05-24,10.7,10.88,10.52,10.76,105253
2017-05-25,10.76,10.81,10.17,10.56,148862
2017-05-26,10.48,10.63,10.18,10.22,135409
2017-05-31,10.39,10.48,10.3,10.41,72302
2017-06-01,10.37,10.39,9.78,9.87,99974
2017-06-02,9.84,10.14,9.47,10.02,85767
2017-06-05,10.07,10.47,9.99,10.3,83009
2017-06-06,10.28,10.5,10.28,10.4,62328
2017-06-07,10.39,10.72,10.34,10.65,96070
2017-06-08,10.65,10.69,10.45,10.57,63637
2017-06-09,10.58,10.59,10.28,10.4,81746
2017-06-12,10.31,10.33,10.17,10.23,78125
2017-06-13,10.18,10.44,10.1,10.41,89058
2017-06-14,10.33,10.36,10.25,10.31,42062
2017-06-15,10.29,10.56,10.25,10.53,72924
2017-06-16,10.51,10.57,10.38,10.43,56504
2017-06-19,10.41,10.67,10.4,10.63,73654
2017-06-20,10.66,11.02,10.65,10.98,148446
2017-06-21,11.03,11.08,10.77,10.97,78114
2017-06-22,11.04,11.11,10.45,10.46,98193
2017-06-23,10.46,10.66,10.3,10.49,63525
2017-06-26,10.49,10.81,10.44,10.76,88896
2017-06-27,10.77,11.01,10.63,10.7,84848
2017-06-28,10.64,10.82,10.55,10.6,53503
2017-06-29,10.69,10.85,10.6,10.85,66869
2017-06-30,10.84,10.84,10.62,10.68,80960
2017-07-03,10.62,10.99,10.62,10.94,103140
2017-07-04,10.98,11.13,10.82,11.05,137921
2017-07-05,11.05,11.09,10.87,11.02,87284
2017-07-06,11.07,11.46,11.07,11.24,192314
2017-07-07,11.23,11.84,11.23,11.78,255649
2017-07-10,11.84,11.84,11.4,11.5,165562
2017-07-11,11.32,11.42,10.81,10.92,177579
2017-07-12,10.88,11.21,10.66,11.17,139270
2017-07-13,11.17,11.28,11.04,11.18,73132
2017-07-14,11.25,11.44,11.05,11.13,106060
2017-07-17,10.99,11.01,10.21,10.57,139003
2017-07-18,10.36,10.78,10.36,10.69,98572
2017-07-19,10.69,11.16,10.55,11.12,120955
2017-07-20,11.12,11.33,11.01,11.21,138756
2017-07-21,11.15,11.35,11.07,11.12,69783
2017-07-24,11.11,11.47,11.02,11.32,96399
2017-07-25,11.37,11.78,11.37,11.52,195233
2017-07-26,11.44,11.55,11.11,11.51,133392
2017-07-27,11.43,12.06,11.37,12.01,226332
2017-07-28,12.01,12.09,11.75,11.76,145177
2017-07-31,11.85,12.2,11.61,12.08,179667
2017-08-01,12.05,12.35,11.89,11.95,147255
2017-08-02,12.19,12.37,11.83,12.02,155894
2017-08-03,12.02,12.12,11.39,11.55,198018
2017-08-04,11.53,11.69,11.41,11.55,104489
2017-08-07,11.5,11.71,11.46,11.52,70776
2017-08-08,11.49,11.7,11.47,11.62,79898
2017-08-09,11.57,11.76,11.5,11.55,78112
2017-08-10,11.55,12.21,11.52,12.07,270584
2017-08-11,11.95,12.26,11.84,11.89,206830
2017-08-14,11.94,12.62,11.94,12.56,307322
2017-08-15,12.57,12.76,12.37,12.55,224012
2017-08-16,12.5,12.89,12.42,12.68,233020
2017-08-17,12.53,12.61,12.23,12.55,184228
2017-08-18,12.39,12.63,12.34,12.38,106962
2017-08-21,12.37,12.57,12.3,12.49,105862
2017-08-22,12.42,12.46,12.13,12.18,131015
2017-08-23,12.2,12.34,12.05,12.17,79341
2017-08-24,12.24,12.3,11.96,12.04,133057
2017-08-25,11.99,12.49,11.99,12.48,133451
2017-08-28,12.43,12.95,12.43,12.72,211416
2017-08-29,12.89,13.35,12.79,12.91,310699
2017-08-30,13.32,14.35,13.32,14.35,542210
2017-08-31,14.77,14.91,14.26,14.64,609611
2017-09-01,14.85,15.02,14.28,14.89,543354
2017-09-04,14.86,15.48,14.44,14.56,527983
2017-09-05,14.44,14.65,14.09,14.55,340031
2017-09-06,14.41,14.69,14.22,14.65,291147
2017-09-07,14.89,15.22,14.25,14.33,420486
2017-09-08,13.97,14.15,13.78,13.98,301178
2017-09-11,14.01,14.88,13.99,14.74,372097
2017-09-12,14.68,15.68,14.62,15.39,515898
2017-09-13,14.76,14.8,13.86,14.26,500032
2017-09-14,14.2,14.5,13.8,13.9,305922
2017-09-15,13.96,14.34,13.78,14.2,217477
2017-09-18,14.03,14.33,13.8,14.26,162038
2017-09-19,14.26,14.52,13.75,13.89,241021
2017-09-20,13.92,14.01,13.43,13.58,290307
2017-09-21,13.59,14.01,13.52,13.6,179955
2017-09-22,13.55,13.55,13.15,13.25,151947
2017-09-25,13.3,13.36,12.83,12.86,171661
2017-09-26,12.94,13.11,12.75,13.11,126150
2017-09-27,13.14,13.62,13.11,13.55,169740
2017-09-28,13.59,13.77,13.4,13.43,93838
2017-09-29,13.41,13.82,13.36,13.58,109692
2017-10-09,13.75,14.08,13.56,13.98,158901
2017-10-10,13.97,14.11,13.66,13.91,132819
2017-10-11,13.85,13.87,13.37,13.38,139444
2017-10-12,13.35,13.7,13.34,13.4,100960
2017-10-13,13.43,14.78,13.41,14.51,391110
2017-10-16,14.52,15.05,14.46,14.62,325137
2017-10-17,14.59,15.4,14.37,14.94,326847
2017-10-18,14.45,14.92,14.35,14.63,286926
2017-10-19,14.6,14.89,14.13,14.15,167777
2017-10-20,14.0,14.8,13.94,14.8,170344
2017-10-23,14.79,15.15,14.5,15.04,194203
2017-10-24,15.05,15.21,14.62,14.88,154767
2017-10-25,15.04,15.82,15.04,15.71,334224
2017-10-26,15.74,15.83,15.48,15.78,217812
2017-10-27,15.63,15.73,15.21,15.48,208574
2017-10-30,15.7,15.82,14.78,15.24,231793
2017-10-31,15.32,15.38,14.86,15.3,141608
2017-11-01,15.31,15.61,15.0,15.51,166524
2017-11-02,15.45,15.45,14.62,14.72,193035
2017-11-03,14.92,14.98,14.27,14.4,152090
2017-11-06,14.4,14.91,14.26,14.9,156393
2017-11-07,14.68,14.88,14.37,14.83,170208
2017-11-08,14.87,15.15,14.43,14.53,140189
2017-11-09,14.65,15.33,14.41,15.33,254786
2017-11-10,15.28,16.66,15.23,16.52,474576
2017-11-13,16.41,16.75,16.07,16.75,278643
2017-11-14,16.66,16.66,15.75,16.05,297447
2017-11-15,16.22,16.28,15.57,16.17,223925
2017-11-16,16.05,16.15,15.6,16.0,203282
2017-11-17,15.86,15.97,14.74,14.85,260624
2017-11-20,14.52,15.34,14.21,15.24,177062
2017-11-21,15.07,15.3,14.67,15.04,171419
2017-11-22,15.04,15.2,14.28,14.56,208300
2017-11-23,14.62,14.62,13.66,13.66,231035
2017-11-24,13.62,14.0,13.51,13.81,104512
2017-11-27,13.75,14.05,13.41,13.7,106950
2017-11-28,13.62,14.15,13.62,13.92,96001
2017-11-29,13.96,14.35,13.7,13.93,132812
2017-11-30,13.75,13.84,13.26,13.5,151902
2017-12-01,13.38,13.95,13.34,13.58,110226
2017-12-04,13.57,13.97,13.44,13.72,121907
2017-12-05,13.56,13.79,12.56,12.88,259338
2017-12-06,12.99,13.24,12.68,13.19,140828
2017-12-07,13.2,13.41,13.07,13.17,123804
2017-12-08,13.08,13.88,13.08,13.78,193249
2017-12-11,13.7,14.1,13.62,14.02,148787
2017-12-12,13.94,14.27,13.66,13.85,128577
2017-12-13,13.86,13.95,13.32,13.88,144329
2017-12-14,13.79,13.79,13.23,13.6,177908
2017-12-15,13.48,13.72,13.33,13.44,93309
2017-12-18,13.47,13.63,13.23,13.43,60263
2017-12-19,13.45,13.82,13.44,13.68,94677
2017-12-20,13.7,13.7,12.88,13.14,168729
2017-12-21,13.16,13.43,12.82,13.28,106181
2017-12-22,13.28,13.37,12.94,13.04,91345
2017-12-25,13.04,13.06,12.08,12.26,215525
2017-12-26,12.14,12.79,12.08,12.62,118628
2017-12-27,12.55,12.56,12.05,12.14,156433
2017-12-28,12.12,12.52,12.08,12.44,118229
2017-12-29,12.5,12.66,12.31,12.43,77152
2018-01-02,12.49,12.69,12.1,12.59,104058
2018-01-03,12.63,12.97,12.46,12.82,126141
2018-01-04,12.76,12.97,12.62,12.7,107258
2018-01-05,12.72,12.76,12.39,12.39,80971
2018-01-08,12.42,12.47,12.08,12.28,122189
2018-01-09,12.28,12.6,12.25,12.6,90103
2018-01-10,12.6,12.6,11.63,11.86,293291
2018-01-11,11.83,11.89,11.38,11.82,143323
2018-01-12,11.84,11.85,11.49,11.5,107398
2018-01-15,11.55,11.57,10.89,10.98,186512
2018-01-16,11.04,11.11,10.53,10.68,160697
2018-01-17,10.72,11.55,10.44,11.39,227634
2018-01-18,11.26,11.39,11.04,11.08,107984
2018-01-19,11.08,11.3,10.89,10.97,84527
2018-01-22,10.95,11.24,10.54,11.15,116946
2018-01-23,11.16,11.16,10.81,10.85,93125
2018-01-24,11.02,11.27,10.84,11.14,139252
2018-01-25,11.07,11.52,11.04,11.19,151433
2018-01-26,11.18,11.36,10.72,10.75,165529
2018-01-29,10.76,10.86,10.46,10.54,144067
2018-01-30,10.51,10.67,10.37,10.49,77230
2018-01-31,10.43,10.56,10.32,10.44,88480
2018-02-01,10.44,10.59,10.23,10.28,108510
2018-02-02,10.3,10.72,10.07,10.59,150735
2018-02-05,10.36,10.45,10.11,10.15,122263
2018-02-06,9.73,10.13,9.25,9.36,146168
2018-02-07,9.65,9.71,8.87,9.19,120869
2018-02-08,9.19,9.66,9.13,9.59,113247
2018-02-09,9.32,9.86,9.21,9.57,178325
2018-02-12,9.72,9.9,9.47,9.8,153593
2018-02-13,9.77,10.0,9.68,9.7,102392
2018-02-14,9.73,9.83,9.51,9.63,50940
2018-02-22,9.79,10.08,9.73,10.07,90479
2018-02-23,10.06,10.12,9.88,9.89,102297
2018-02-26,9.97,10.88,9.93,10.8,231315
2018-02-27,10.62,11.15,10.62,10.94,241546
2018-02-28,10.86,11.16,10.71,10.87,153294
2018-03-01,10.8,11.08,10.72,11.05,119870
2018-03-02,10.93,11.28,10.8,10.84,149872
2018-03-05,10.89,11.14,10.84,11.13,97440
2018-03-06,11.16,11.39,11.07,11.31,136165
2018-03-07,11.22,11.31,10.91,10.97,108750
2018-03-08,10.95,11.2,10.78,10.92,114968
2018-03-09,10.82,11.31,10.81,11.25,207517
2018-03-12,11.36,11.87,11.36,11.52,248024
2018-03-13,11.46,11.89,11.43,11.69,199968
2018-03-14,11.63,11.63,11.21,11.23,172546
2018-03-15,11.26,11.35,10.79,11.04,155971
2018-03-16,11.02,11.59,10.86,11.37,213878
2018-03-19,11.33,11.55,11.04,11.39,171314
2018-03-20,11.2,11.3,10.99,11.21,113697
2018-03-21,11.2,11.5,11.13,11.16,155478
2018-03-22,11.18,11.32,10.9,10.91,116089
2018-03-23,10.26,10.26,9.66,9.66,327492
2018-03-26,9.46,9.88,9.03,9.86,156354
2018-03-27,10.0,10.36,10.0,10.24,170642
2018-03-28,9.99,10.16,9.9,10.05,123651
2018-03-29,10.05,10.21,10.02,10.07,85543
2018-03-30,10.13,10.4,10.13,10.4,131688
2018-04-02,10.9,11.36,10.6,10.73,299968
2018-04-03,10.42,10.59,10.2,10.54,201008
2018-04-04,10.54,10.58,10.25,10.3,142987
2018-04-09,10.2,10.35,9.92,9.95,129238
2018-04-10,9.98,10.08,9.82,10.01,112331
2018-04-11,10.07,10.2,10.02,10.05,91382
2018-04-12,10.15,10.28,10.02,10.11,100526
2018-04-13,10.17,10.21,9.98,10.07,71564
2018-04-16,9.95,10.04,9.81,9.95,74391
2018-04-17,10.12,10.3,9.75,9.86,94678
2018-04-18,9.93,10.03,9.59,10.01,112705
2018-04-19,10.0,10.05,9.84,9.9,119664
2018-04-20,9.95,10.03,9.36,9.46,155322
2018-04-23,9.48,9.49,9.07,9.18,98972
2018-04-24,9.23,9.47,9.12,9.44,93062
2018-04-25,9.4,9.75,9.3,9.72,121577
2018-04-26,9.67,9.72,9.26,9.29,85737
2018-04-27,9.35,9.63,9.35,9.49,67840
2018-05-02,9.52,9.95,9.52,9.88,122498
2018-05-03,9.88,10.08,9.66,10.07,130221
2018-05-04,10.14,10.28,9.92,9.92,116309
2018-05-07,9.95,10.18,9.92,10.1,97981
2018-05-08,10.11,10.39,9.99,10.32,158510
2018-05-09,10.45,10.45,10.21,10.3,96916
2018-05-10,10.3,10.39,10.14,10.33,88624
2018-05-11,10.45,10.62,10.34,10.55,175326
2018-05-14,10.46,10.84,10.46,10.55,133912
2018-05-15,10.5,10.55,10.15,10.32,106650
2018-05-16,10.28,10.29,10.07,10.08,100497
2018-05-17,10.12,10.26,10.04,10.06,68362
2018-05-18,10.04,10.17,9.97,10.02,70941
2018-05-21,10.31,10.59,10.26,10.47,148630
2018-05-22,10.48,10.75,10.46,10.65,141820
2018-05-23,10.72,10.74,10.38,10.41,113388
2018-05-24,10.37,10.53,10.22,10.3,87113
2018-05-25,10.2,10.3,10.01,10.12,79502
2018-05-28,10.11,10.35,9.99,10.23,77965
2018-05-29,10.27,10.42,10.22,10.34,88104
2018-05-30,10.07,10.1,9.67,9.68,119240
2018-05-31,9.8,9.94,9.5,9.68,93841
2018-06-01,9.68,9.68,9.29,9.4,71195
2018-06-04,9.46,9.65,9.34,9.58,54915
2018-06-05,9.68,10.69,9.67,10.69,443690
2018-06-06,11.04,11.4,10.93,11.16,609386
2018-06-07,11.21,11.34,10.97,11.07,321852
2018-06-08,11.05,11.18,10.76,10.94,292073
2018-06-11,11.0,11.18,10.8,10.85,254345
2018-06-12,10.97,11.02,10.39,10.88,252018
2018-06-13,10.76,10.81,10.46,10.5,151198
2018-06-14,10.49,10.64,10.16,10.31,173737
2018-06-15,10.3,10.43,9.82,10.04,180103
2018-06-19,9.64,9.87,8.89,8.89,308839
2018-06-20,8.76,8.95,8.07,8.54,289684
2018-06-21,8.55,8.6,7.77,7.82,232116
2018-06-22,7.73,8.09,7.44,8.0,156372
2018-06-25,8.1,8.25,7.77,7.81,163492
2018-06-26,7.56,8.24,7.47,8.17,150556
2018-06-27,8.27,8.28,7.88,7.99,112185
2018-06-28,8.03,8.4,8.0,8.05,123558
2018-06-29,8.16,8.49,8.03,8.43,138421
2018-07-02,8.37,8.48,8.02,8.17,90660
2018-07-03,8.27,8.34,7.85,8.17,167772
2018-07-04,8.15,8.15,7.63,7.74,140226
2018-07-05,7.69,7.87,7.42,7.42,122695
2018-07-06,7.46,7.76,7.2,7.56,138505
2018-07-09,7.54,8.22,7.54,8.14,192448
2018-07-10,8.14,8.23,8.03,8.17,122095
2018-07-11,7.9,8.07,7.71,7.99,120716
2018-07-12,8.0,8.89,8.0,8.74,301597
2018-07-13,8.68,8.74,8.55,8.67,139447
2018-07-16,8.67,8.8,8.6,8.68,101410
2018-07-17,8.68,8.72,8.3,8.6,140759
2018-07-18,8.6,8.64,8.27,8.29,115508
2018-07-19,8.36,8.47,8.24,8.37,103677
2018-07-20,8.37,8.55,8.31,8.51,92485
2018-07-23,8.44,8.78,8.37,8.73,150261
2018-07-24,8.77,8.9,8.59,8.84,163948
2018-07-25,8.84,8.89,8.57,8.66,114297
2018-07-26,8.66,8.66,8.3,8.4,121959
2018-07-27,8.37,8.37,8.1,8.17,89991
2018-07-30,8.07,8.24,7.78,7.93,105569
2018-07-31,7.84,7.95,7.8,7.87,78197
2018-08-01,7.99,8.1,7.76,7.76,112594
2018-08-02,7.74,7.77,7.07,7.34,137585
2018-08-03,7.33,7.43,7.21,7.21,58561
2018-08-06,7.14,7.37,7.06,7.17,67286
2018-08-07,7.24,7.53,7.21,7.53,94768
2018-08-08,7.5,7.52,7.28,7.34,63584
2018-08-09,7.36,7.68,7.34,7.57,156437
2018-08-10,7.53,7.63,7.44,7.54,109346
2018-08-13,7.39,7.57,7.24,7.57,121171
2018-08-14,7.44,7.47,7.23,7.31,105559
2018-08-15,7.3,7.39,7.13,7.15,90401
2018-08-16,7.07,7.19,6.94,7.08,83667
2018-08-17,7.18,7.28,6.91,6.91,96844
2018-08-20,6.91,7.02,6.51,6.97,101303
2018-08-21,6.93,7.17,6.85,7.07,101586
2018-08-22,7.1,7.18,6.81,6.87,88194
2018-08-23,6.91,7.37,6.91,7.25,190987
2018-08-24,7.24,7.36,7.11,7.28,130243
2018-08-27,7.34,7.57,7.32,7.5,146870
2018-08-28,7.47,7.68,7.46,7.56,144541
2018-08-29,7.52,7.64,7.47,7.51,86405
2018-08-30,7.49,7.58,7.37,7.44,107020
2018-08-31,7.38,7.53,7.35,7.36,82920
2018-09-03,7.38,7.58,7.19,7.58,129614
2018-09-04,7.57,7.65,7.4,7.59,159671
2018-09-05,7.58,7.6,7.34,7.35,111753
2018-09-06,7.3,7.48,7.2,7.33,109506
2018-09-07,7.41,7.81,7.37,7.64,237546
2018-09-10,7.57,7.59,6.73,6.77,300663
2018-09-11,6.68,6.87,6.57,6.78,118743
2018-09-12,6.75,6.85,6.7,6.74,76027
2018-09-13,6.94,7.07,6.7,6.87,116454
2018-09-14,6.85,6.88,6.54,6.61,135057
2018-09-17,6.53,6.57,6.46,6.47,64494
2018-09-18,6.41,6.62,6.4,6.62,73995
2018-09-19,6.64,6.87,6.64,6.77,124744
2018-09-20,6.8,6.81,6.66,6.68,80701
2018-09-21,6.74,6.85,6.64,6.84,137351
2018-09-25,6.74,6.83,6.71,6.76,67539
2018-09-26,6.76,6.88,6.74,6.8,103215
2018-09-27,6.8,6.8,6.47,6.54,136423
2018-09-28,6.54,6.6,6.34,6.53,156295
2018-10-08,6.37,6.39,6.17,6.2,112564
2018-10-09,6.22,6.32,6.17,6.23,71938
2018-10-10,6.27,6.3,5.97,6.1,127487
2018-10-11,5.76,5.85,5.35,5.35,183646
2018-10-12,5.29,5.29,4.81,5.14,192674
2018-10-15,5.14,5.24,4.97,4.98,116252
2018-10-16,5.04,5.13,4.84,4.9,86582
2018-10-17,5.15,5.18,4.92,5.11,128886
2018-10-18,5.07,5.34,4.96,5.14,172695
2018-10-19,5.02,5.51,5.0,5.46,221624
2018-10-22,5.58,6.09,5.49,6.04,295094
2018-10-23,5.95,5.97,5.71,5.74,191106
2018-10-24,5.74,5.83,5.63,5.76,136105
2018-10-25,5.6,6.03,5.46,6.02,192184
2018-10-26,6.06,6.24,5.92,6.01,153670
2018-10-29,6.04,6.11,5.82,5.86,108442
2018-10-30,5.91,6.21,5.77,6.13,171701
2018-10-31,6.18,6.2,6.04,6.14,137038
2018-11-01,6.24,6.4,6.13,6.13,188777
2018-11-02,6.3,6.45,6.26,6.45,237396
2018-11-05,6.4,6.48,6.14,6.34,213745
2018-11-06,6.27,6.27,6.08,6.22,126718
2018-11-07,6.16,6.44,6.16,6.28,143759
2018-11-08,6.37,6.4,6.08,6.14,120901
2018-11-09,6.13,6.2,6.06,6.07,82894
2018-11-12,6.06,6.37,6.06,6.36,178573
2018-11-13,6.2,6.44,6.16,6.35,177948
2018-11-14,6.39,6.45,6.3,6.32,147589
2018-11-15,6.37,6.7,6.33,6.67,258734
2018-11-16,6.71,6.9,6.52,6.79,298312
2018-11-19,6.76,7.18,6.7,7.09,317771
2018-11-20,7.07,7.07,6.5,6.5,316566
2018-11-21,6.39,6.6,6.33,6.54,123048
2018-11-22,6.51,6.7,6.5,6.59,121246
2018-11-23,6.57,6.64,6.22,6.23,160141
2018-11-26,6.27,6.44,6.13,6.2,107188
2018-11-27,6.28,6.35,6.17,6.25,85440
2018-11-28,6.25,6.59,6.14,6.56,146308
2018-11-29,6.57,6.59,6.25,6.26,111257
2018-11-30,6.24,6.41,6.12,6.34,95598
2018-12-03,6.6,6.7,6.54,6.64,181052
2018-12-04,6.63,6.68,6.54,6.66,112745
2018-12-05,6.47,6.61,6.43,6.53,94974
2018-12-06,6.46,6.47,6.26,6.29,103412
2018-12-07,6.28,6.41,6.28,6.34,55194
2018-12-10,6.27,6.33,6.2,6.21,62717
2018-12-11,6.23,6.31,6.17,6.24,56066
2018-12-12,6.27,6.31,6.11,6.14,79116
2018-12-13,6.2,6.34,6.17,6.3,77717
2018-12-14,6.25,6.29,6.05,6.09,72006
2018-12-17,6.09,6.14,5.94,6.09,46801
2018-12-18,6.03,6.1,5.9,6.07,51454
2018-12-19,6.1,6.1,5.97,5.98,31393
2018-12-20,5.97,6.13,5.94,6.09,50962
2018-12-21,6.07,6.13,6.01,6.07,35094
2018-12-24,6.04,6.21,6.04,6.18,39186
2018-12-25,6.1,6.14,5.75,6.07,70028
2018-12-26,6.08,6.25,6.08,6.09,66448
2018-12-27,6.24,6.24,5.94,5.95,53531
2018-12-28,5.97,6.06,5.87,5.88,44090
2019-01-02,5.89,5.99,5.88,5.92,39275
2019-01-03,5.91,6.0,5.79,5.8,51850
2019-01-04,5.76,6.04,5.68,6.02,69753
2019-01-07,6.07,6.18,6.05,6.17,72937
2019-01-08,6.06,6.19,6.04,6.11,57403
2019-01-09,6.14,6.37,6.1,6.23,117702
2019-01-10,6.24,6.29,6.17,6.2,57510
2019-01-11,6.2,6.28,5.97,6.08,115982
2019-01-14,6.07,6.14,6.0,6.01,46538
2019-01-15,6.0,6.1,5.96,6.1,67076
2019-01-16,6.08,6.14,5.97,5.97,67235
2019-01-17,5.97,6.02,5.85,5.87,63113
2019-01-18,5.87,5.97,5.79,5.92,67231
2019-01-21,5.95,5.97,5.85,5.9,65230
2019-01-22,5.9,5.97,5.85,5.88,57613
2019-01-23,5.84,5.89,5.8,5.82,43751
2019-01-24,5.84,5.92,5.76,5.86,82187
2019-01-25,5.85,5.98,5.78,5.94,117559
2019-01-28,5.98,6.02,5.87,5.87,67306
2019-01-29,5.84,5.87,5.34,5.57,106583
2019-01-30,5.53,5.69,5.51,5.52,49295
2019-01-31,5.56,5.7,5.54,5.58,55068
2019-02-01,5.7,5.89,5.62,5.88,70889
2019-02-11,5.88,6.44,5.87,6.44,223540
2019-02-12,6.44,6.5,6.34,6.45,198675
2019-02-13,6.47,7.17,6.44,6.88,425945
2019-02-14,6.8,6.86,6.66,6.8,243269
2019-02-15,6.79,6.97,6.68,6.76,193923
2019-02-18,6.84,7.11,6.7,7.1,308583
2019-02-19,7.08,7.2,6.81,6.9,325296
2019-02-20,6.98,7.08,6.72,6.87,215648
2019-02-21,6.84,7.47,6.8,7.15,532154
2019-02-22,7.22,7.74,7.11,7.73,456592
2019-02-25,7.84,8.59,7.76,8.43,554114
2019-02-26,8.34,8.43,7.99,8.2,401284
2019-02-27,8.14,8.26,7.84,8.04,279642
2019-02-28,8.03,8.13,7.84,8.04,201872
2019-03-01,8.07,8.1,7.76,7.95,210166
2019-03-04,8.14,8.83,8.03,8.62,569146
2019-03-05,8.41,8.82,8.31,8.8,399741
2019-03-06,8.87,8.99,8.41,8.64,367943
2019-03-07,8.6,8.78,8.3,8.7,389825
2019-03-08,8.37,9.71,8.24,9.22,837298
2019-03-11,9.67,10.29,9.45,10.29,891149
2019-03-12,10.48,10.48,9.91,10.25,545914
2019-03-13,10.22,10.22,9.08,9.21,668610
2019-03-14,9.07,9.23,8.66,8.88,317301
2019-03-15,9.0,9.28,8.93,9.26,337813
2019-03-18,9.27,9.49,9.0,9.49,288064
2019-03-19,9.37,9.47,9.24,9.31,186141
2019-03-20,9.25,9.25,8.76,9.12,230417
2019-03-21,9.14,9.82,9.14,9.65,480719
2019-03-22,9.65,9.8,9.24,9.74,386803
2019-03-25,9.41,9.94,9.32,9.42,307069
2019-03-26,9.45,9.62,9.07,9.09,209362
2019-03-27,9.34,9.5,8.85,9.37,243099
2019-03-28,9.28,9.52,9.07,9.1,222144
2019-03-29,9.03,9.62,8.9,9.53,316900
2019-04-01,9.56,10.49,9.56,10.13,453845
2019-04-02,10.19,10.22,9.84,9.9,302991
2019-04-03,9.74,10.13,9.71,10.04,282936
2019-04-04,10.05,10.27,9.84,9.92,273118
2019-04-08,9.95,10.02,9.4,9.53,280256
2019-04-09,9.53,9.81,9.37,9.61,139299
2019-04-10,9.45,9.57,9.2,9.45,193720
2019-04-11,9.47,9.49,9.0,9.03,205588
2019-04-12,8.91,8.91,8.41,8.7,342027
2019-04-15,8.8,9.34,8.8,8.89,279469
2019-04-16,8.75,9.18,8.59,9.14,198642
2019-04-17,9.18,9.37,9.05,9.07,233230
2019-04-18,9.14,9.17,8.93,9.0,103214
2019-04-19,8.93,9.21,8.9,9.14,136457
2019-04-22,9.25,9.27,8.91,8.95,126025
2019-04-23,8.98,9.08,8.68,8.85,141744
2019-04-24,8.9,9.34,8.85,9.29,245906
2019-04-25,9.22,9.34,8.9,8.9,184222
2019-04-26,8.9,9.24,8.8,8.98,154021
2019-04-29,8.95,9.04,8.29,8.34,163820
2019-04-30,8.34,9.06,8.34,8.87,186504
2019-05-06,8.45,8.68,7.84,7.99,264569
2019-05-07,8.0,8.11,7.67,7.97,163865
2019-05-08,7.76,8.04,7.68,7.79,83759
2019-05-09,7.74,7.88,7.58,7.6,84888
2019-05-10,7.83,8.07,7.58,8.05,169275
2019-05-13,7.97,8.07,7.6,7.67,157995
2019-05-14,7.42,7.75,7.42,7.54,76357
2019-05-15,7.69,7.79,7.55,7.77,111600
2019-05-16,7.74,7.8,7.59,7.74,90693
2019-05-17,7.76,7.9,7.14,7.24,164742
2019-05-20,7.26,7.3,6.7,7.19,160389
2019-05-21,7.1,7.45,7.07,7.3,106770
2019-05-22,7.34,7.42,7.13,7.26,85662
2019-05-23,7.14,7.21,6.87,7.04,110862
2019-05-24,7.0,7.1,6.84,6.9,86249
2019-05-27,6.99,7.2,6.87,7.18,116468
2019-05-28,7.21,7.26,7.04,7.11,91856
2019-05-29,7.1,7.27,7.05,7.17,75497
2019-05-30,7.18,7.18,6.93,7.1,70343
2019-05-31,7.1,7.18,7.03,7.06,64187
2019-06-03,7.06,7.34,6.87,7.22,110127
2019-06-04,7.17,7.17,6.9,6.97,94980
2019-06-05,7.1,7.12,6.88,6.97,61474
2019-06-06,6.96,6.96,6.74,6.8,68580
2019-06-10,6.86,6.96,6.76,6.87,61532
2019-06-11,6.92,7.34,6.81,7.28,132336
2019-06-12,7.28,7.35,7.14,7.17,90333
2019-06-13,7.1,7.34,7.1,7.3,84954
2019-06-14,7.28,7.28,7.02,7.07,81426
2019-06-17,7.1,7.12,6.94,7.08,64117
2019-06-18,7.07,7.11,6.94,6.98,52226
2019-06-19,7.25,7.57,7.14,7.44,219686
2019-06-20,7.42,7.68,7.29,7.51,148040
2019-06-21,7.57,7.87,7.5,7.65,163085
2019-06-24,7.65,7.66,7.44,7.48,87544
2019-06-25,7.46,7.5,7.2,7.36,84870
2019-06-26,7.27,7.44,7.24,7.3,79968
2019-06-27,7.37,7.72,7.34,7.6,173030
2019-06-28,7.57,7.59,7.3,7.44,94556
2019-07-01,7.76,8.32,7.74,8.24,335515
2019-07-02,8.19,8.37,8.09,8.14,182839
2019-07-03,8.13,8.26,7.94,8.03,142072
2019-07-04,8.04,8.22,7.98,8.09,100144
2019-07-05,8.04,8.17,7.96,8.09,73274
2019-07-08,8.04,8.04,7.63,7.71,123189
2019-07-09,7.73,7.83,7.6,7.67,70494
2019-07-10,7.81,8.09,7.74,8.07,184264
2019-07-11,8.12,8.18,7.86,7.9,167365
2019-07-12,7.84,7.97,7.8,7.85,82464
2019-07-15,7.81,8.15,7.57,8.06,163991
2019-07-16,8.14,8.14,7.91,7.99,70404
2019-07-17,8.0,8.74,7.93,8.51,322534
2019-07-18,8.52,8.6,8.37,8.39,166186
2019-07-19,8.44,8.62,8.44,8.54,115066
2019-07-22,8.57,8.91,8.17,8.54,179505
2019-07-23,8.5,8.97,8.46,8.91,184532
2019-07-24,9.0,9.75,9.0,9.24,443504
2019-07-25,9.4,9.6,9.21,9.4,463013
2019-07-26,9.25,9.59,9.22,9.57,277622
2019-07-29,9.65,9.88,9.48,9.59,305676
2019-07-30,9.9,10.4,9.68,9.8,403694
2019-07-31,9.87,10.24,9.68,10.12,354521
2019-08-01,9.98,10.1,9.6,9.96,295028
2019-08-02,9.55,9.57,9.1,9.45,383206
2019-08-05,9.34,9.78,9.34,9.47,240589
2019-08-06,9.1,9.45,8.98,9.33,234042
2019-08-07,9.5,9.59,9.07,9.13,179883
2019-08-08,9.29,9.31,8.8,9.2,219232
2019-08-09,9.29,9.43,8.98,9.01,197327
2019-08-12,9.21,9.85,9.06,9.79,450425
2019-08-13,9.72,9.77,9.37,9.68,271274
2019-08-14,10.1,10.36,9.71,9.75,454964
2019-08-15,9.35,10.11,9.28,9.88,257953
2019-08-16,9.81,11.0,9.81,10.87,682087
2019-08-19,10.8,11.44,10.73,11.22,583898
2019-08-20,11.09,11.28,10.77,10.93,377392
2019-08-21,10.97,11.13,10.73,11.0,346420
2019-08-22,11.0,11.05,10.58,10.74,305444
2019-08-23,10.81,10.89,10.51,10.66,314975
2019-08-26,10.5,11.08,10.43,10.76,340109
2019-08-27,10.85,11.55,10.85,11.28,416534
2019-08-28,11.17,11.27,10.9,10.94,268683
2019-08-29,10.96,11.01,10.68,10.79,187480
2019-08-30,10.9,10.9,10.28,10.48,294631
2019-09-02,10.43,11.07,10.32,10.97,302041
2019-09-03,10.92,11.58,10.92,11.58,411083
2019-09-04,11.49,11.61,11.01,11.45,355418
2019-09-05,11.6,12.28,11.43,11.75,542989
2019-09-06,11.8,12.14,11.3,11.64,390691
2019-09-09,11.78,12.23,11.61,12.05,503980
2019-09-10,11.9,12.4,11.6,12.08,507171
2019-09-11,12.11,12.19,11.62,11.66,306573
2019-09-12,11.8,11.94,11.51,11.84,282583
2019-09-16,11.91,13.04,11.73,12.67,710333
2019-09-17,12.75,13.03,12.44,12.9,614017
2019-09-18,12.89,13.86,12.6,13.83,741890
2019-09-19,13.6,14.07,13.4,13.87,638922
2019-09-20,13.98,14.52,13.51,13.55,829657
2019-09-23,13.53,14.05,13.04,14.05,697132
2019-09-24,14.1,14.82,13.76,14.49,687152
2019-09-25,14.22,14.29,13.27,13.6,599819
2019-09-26,13.66,13.83,13.0,13.51,551998
2019-09-27,13.63,15.0,13.63,14.85,1154513
2019-09-30,14.5,14.53,13.23,13.27,966939
2019-10-08,13.27,13.51,12.51,12.61,596884
2019-10-09,12.63,12.83,12.22,12.75,454866
2019-10-10,12.66,14.16,12.61,13.79,651613
2019-10-11,13.86,14.28,13.43,13.86,542446
2019-10-14,14.35,14.7,14.08,14.6,663123
2019-10-15,13.66,14.2,13.06,13.5,747093
2019-10-16,13.5,13.53,12.91,13.39,261257
2019-10-17,13.4,14.08,13.23,13.61,355776
2019-10-18,13.49,13.54,12.61,12.61,397565
2019-10-21,12.62,12.86,12.02,12.75,270743
2019-10-22,12.95,13.32,12.64,13.03,332622
2019-10-23,12.93,13.01,12.46,12.86,261651
2019-10-24,12.8,12.97,12.58,12.94,162992
2019-10-25,12.87,13.58,12.6,13.53,332579
2019-10-28,13.34,14.23,13.3,14.04,416334
2019-10-29,13.38,13.62,12.98,13.16,528517
2019-10-30,13.01,13.62,12.96,13.6,299317
2019-10-31,13.55,14.18,13.31,13.56,358284
2019-11-01,13.52,13.66,13.26,13.51,250324
2019-11-04,13.5,14.2,13.35,14.04,428155
2019-11-05,14.04,14.51,13.89,14.5,403649
2019-11-06,14.39,14.56,14.18,14.46,306601
2019-11-07,14.35,14.54,13.53,13.72,540348
2019-11-08,13.87,14.07,13.46,13.49,458419
2019-11-11,13.2,13.42,12.85,12.92,346518
2019-11-12,12.9,13.16,12.68,13.08,279768
2019-11-13,13.1,13.43,12.85,13.3,296927
2019-11-14,13.35,13.81,13.19,13.75,457334
2019-11-15,13.48,14.05,13.33,13.37,445518
2019-11-18,12.88,13.12,12.05,12.34,768523
2019-11-19,12.39,12.55,12.07,12.42,538215
2019-11-20,12.38,12.64,12.24,12.29,328528
2019-11-21,12.14,12.29,11.8,12.24,285162
2019-11-22,12.19,12.35,11.26,11.63,563941
2019-11-25,11.63,11.63,11.17,11.32,296918
2019-11-26,11.45,11.71,11.29,11.31,278929
2019-11-27,11.31,11.94,11.21,11.66,379199
2019-11-28,11.55,12.15,11.52,11.96,447223
2019-11-29,12.0,12.02,11.58,11.87,297721
2019-12-02,11.87,12.24,11.77,12.09,327419
2019-12-03,11.89,12.17,11.81,12.07,302745
2019-12-04,11.98,12.26,11.89,12.07,242875
2019-12-05,12.19,13.15,12.19,12.9,802648
2019-12-06,13.2,14.33,13.2,14.33,1102712
2019-12-09,15.12,15.59,14.69,15.18,1414579
2019-12-10,15.1,16.08,14.82,15.83,1442126
2019-12-11,15.6,15.72,14.9,15.27,1177724
2019-12-12,15.21,15.78,14.94,15.16,1137169
2019-12-13,15.45,16.45,15.1,15.95,1351518
2019-12-16,16.15,16.93,15.92,16.76,1220008
2019-12-17,16.48,16.48,15.79,16.2,1303694
2019-12-18,16.01,16.57,15.64,16.37,1221859
2019-12-19,16.31,16.31,15.27,15.39,1002802
2019-12-20,15.26,15.7,15.03,15.38,808629
2019-12-23,15.18,15.72,15.0,15.04,622117
2019-12-24,15.21,15.45,14.8,15.4,545636
2019-12-25,15.23,15.71,15.15,15.48,593137
2019-12-26,15.45,16.06,15.3,15.65,699385
2019-12-27,15.6,15.65,14.55,14.56,901112
2019-12-30,14.26,14.91,13.94,14.82,530498
2019-12-31,14.8,15.02,14.49,14.76,380401
2020-01-02,14.93,15.57,14.6,15.27,634478
2020-01-03,15.27,15.46,15.01,15.2,428420
2020-01-06,15.05,15.79,14.77,15.49,682277
2020-01-07,15.5,15.5,15.0,15.24,520311
2020-01-08,15.0,15.0,14.43,14.44,660917
2020-01-09,14.75,15.14,14.66,15.05,585303
2020-01-10,15.18,15.57,15.12,15.27,619470
2020-01-13,15.11,15.85,15.0,15.79,732820
2020-01-14,15.83,15.93,15.36,15.36,564399
2020-01-15,15.35,15.73,15.02,15.67,649710
2020-01-16,15.55,16.07,15.31,15.81,875570
2020-01-17,15.86,15.87,15.23,15.32,576134
2020-01-20,15.25,16.32,14.88,16.24,958091
2020-01-21,16.24,16.44,15.95,16.24,695540
2020-01-22,15.96,16.84,15.47,16.68,945427
2020-01-23,16.2,16.56,14.87,15.23,946694
2020-02-03,13.57,13.57,13.57,13.57,70345
2020-02-04,12.2,13.62,12.2,13.1,941665
2020-02-05,13.1,13.85,13.08,13.3,687238
2020-02-06,13.28,13.64,13.04,13.5,602252
2020-02-07,13.39,14.03,13.2,13.95,766918
2020-02-10,13.57,13.9,13.46,13.7,582600
2020-02-11,13.82,14.75,13.68,14.31,857170
2020-02-12,14.15,14.75,13.98,14.5,691454
2020-02-13,14.48,14.81,14.19,14.5,643179
2020-02-14,14.5,15.65,14.38,15.56,1037134
2020-02-17,15.93,16.06,15.42,15.9,940793
2020-02-18,16.16,17.48,15.97,17.13,1047809
2020-02-19,16.81,17.26,16.46,16.5,937577
2020-02-20,16.68,17.1,16.38,16.98,785809
2020-02-21,17.01,17.66,16.88,17.22,998077
2020-02-24,16.96,18.18,16.85,17.93,1087723
2020-02-25,17.27,19.25,16.63,18.8,1412984
2020-02-26,18.48,19.67,17.55,17.66,1337252
2020-02-27,17.9,17.97,16.81,17.3,774291
2020-02-28,16.3,16.82,15.67,15.75,919561
2020-03-02,16.17,16.49,15.55,16.2,701735
2020-03-03,16.56,17.19,16.15,16.28,741731
2020-03-04,16.0,16.37,15.38,15.84,615821
2020-03-05,16.27,16.36,15.48,15.87,579627
2020-03-06,15.57,15.84,15.45,15.53,406434
2020-03-09,15.09,15.09,13.85,13.88,895421
2020-03-10,13.63,14.78,13.63,14.78,630181
2020-03-11,14.92,15.15,14.31,14.35,520335
2020-03-12,14.0,14.25,13.8,13.95,452134
2020-03-13,13.1,14.17,12.9,13.8,488425
2020-03-16,13.99,13.99,12.31,12.5,768846
2020-03-17,12.75,12.98,12.1,12.76,536850
2020-03-18,12.94,13.32,12.56,12.58,496777
2020-03-19,12.72,13.15,12.46,13.12,537574
2020-03-20,13.25,13.3,12.66,12.99,398791
2020-03-23,12.5,12.6,11.68,11.93,560534
2020-03-24,12.24,12.3,11.63,12.08,415211
2020-03-25,12.46,12.9,12.34,12.83,666828
2020-03-26,12.74,12.74,12.29,12.4,379005
2020-03-27,12.75,12.79,12.3,12.31,316155
2020-03-30,12.0,12.08,11.55,11.84,379114
2020-03-31,12.05,12.18,11.74,11.9,231835
2020-04-01,11.87,12.35,11.72,12.07,388122
2020-04-02,11.95,12.78,11.89,12.74,539052
2020-04-03,12.6,12.74,12.42,12.56,324150
2020-04-07,12.91,13.05,12.72,12.89,459365
2020-04-08,12.76,13.05,12.71,12.84,312814
2020-04-09,13.0,13.06,12.65,12.75,289243
2020-04-10,12.68,12.74,12.0,12.12,394801
2020-04-13,12.05,12.1,11.82,11.94,187158
2020-04-14,12.06,12.26,11.85,12.24,266001
2020-04-15,12.18,12.76,12.13,12.45,433337
2020-04-16,12.25,12.51,12.01,12.42,299996
2020-04-17,12.64,12.79,12.37,12.44,399346
2020-04-20,12.48,12.61,12.32,12.42,263617
2020-04-21,12.34,12.34,11.87,12.06,347968
2020-04-22,11.93,12.39,11.88,12.37,286102
2020-04-23,12.38,12.43,12.0,12.0,289186
2020-04-24,11.98,12.12,11.56,11.58,391113
2020-04-27,11.6,11.7,11.24,11.52,257501
2020-04-28,11.48,11.73,10.97,11.48,361461
2020-04-29,11.93,12.77,11.86,12.77,1155263
2020-04-30,13.03,13.55,12.75,13.32,1225825
2020-05-06,13.1,13.92,13.02,13.85,896080
2020-05-07,13.75,13.93,13.56,13.6,621591
2020-05-08,13.78,13.93,13.56,13.75,575121
2020-05-11,13.84,14.09,13.62,13.71,480439
2020-05-12,13.77,13.82,13.33,13.78,455112
2020-05-13,13.64,13.75,13.49,13.62,317358
2020-05-14,13.62,14.49,13.62,14.15,862816
2020-05-15,14.08,14.45,13.7,14.22,791543
2020-05-18,13.96,13.97,12.7,12.8,1034095
2020-05-19,13.01,13.94,12.95,13.88,897575
2020-05-20,13.85,14.2,13.68,13.85,647587
2020-05-21,14.0,14.03,12.9,13.07,704532
2020-05-22,12.96,13.05,12.22,12.42,551432
2020-05-25,12.29,12.47,11.97,12.16,349586
2020-05-26,12.37,13.52,12.31,13.52,798413
2020-05-27,13.83,14.11,13.46,13.93,1289543
2020-05-28,13.93,13.97,13.2,13.48,834350
2020-05-29,13.4,13.65,13.1,13.11,623663
2020-06-01,13.35,14.56,13.26,14.56,1088607
2020-06-02,14.8,15.09,14.48,14.85,1350850
2020-06-03,14.96,15.83,14.7,15.2,1286820
2020-06-04,15.27,15.57,14.89,14.95,711422
2020-06-05,15.05,15.37,14.87,15.09,672957
2020-06-08,15.47,15.6,14.69,14.77,748255
2020-06-09,14.85,15.37,14.69,15.2,703821
2020-06-10,15.05,15.37,15.02,15.22,629813
2020-06-11,15.29,15.5,14.95,15.09,688699
2020-06-12,14.5,14.9,14.4,14.74,602162
2020-06-15,14.63,14.94,14.23,14.26,589489
2020-06-16,14.53,15.5,14.53,15.42,979242
2020-06-17,15.3,15.38,14.8,15.1,742687
2020-06-18,15.04,15.56,14.82,15.56,911549
2020-06-19,15.45,15.99,15.25,15.61,987907
2020-06-22,15.72,15.99,15.49,15.85,756090
2020-06-23,15.7,15.76,15.31,15.51,619861
2020-06-24,15.46,15.72,15.27,15.47,515579
2020-06-29,15.27,15.36,14.95,15.04,503654
2020-06-30,15.23,15.93,15.21,15.84,894031
2020-07-01,15.75,16.15,15.45,16.1,826731
2020-07-02,15.92,16.36,15.8,16.17,772122
2020-07-03,16.22,16.3,15.81,16.01,634473
2020-07-06,15.99,16.85,15.91,16.7,950283
2020-07-07,16.72,17.55,16.58,16.85,956918
2020-07-08,16.84,17.32,16.6,17.32,730089
2020-07-09,17.23,18.05,17.15,17.66,831878
2020-07-10,17.31,17.64,16.99,17.15,728989
2020-07-13,17.1,18.31,16.93,18.29,911279
2020-07-14,19.17,19.3,16.94,17.42,1397249
2020-07-15,17.28,17.52,15.57,15.82,1372058
2020-07-16,15.68,15.86,14.68,14.95,832745
2020-07-17,15.02,15.32,14.71,15.16,554206
2020-07-20,15.31,15.55,15.01,15.55,582040
2020-07-21,15.49,15.55,14.9,15.34,533158
2020-07-22,15.28,15.66,15.1,15.33,620524
2020-07-23,15.1,15.22,14.42,14.9,645896
2020-07-24,14.14,14.62,13.66,13.72,826427
2020-07-27,13.72,13.97,13.55,13.78,356466
2020-07-28,13.92,14.15,13.73,13.86,324731
2020-07-29,13.76,14.4,13.68,14.4,454009
2020-07-30,14.47,14.54,14.05,14.09,413424
2020-07-31,14.09,15.08,14.09,14.75,758311
2020-08-03,14.9,15.12,14.72,15.11,640495
2020-08-04,15.3,15.3,14.62,14.68,611956
2020-08-05,14.78,14.85,14.5,14.69,397302
2020-08-06,14.67,14.68,14.44,14.61,365541
2020-08-07,14.59,14.59,13.99,14.25,375160
2020-08-10,13.96,14.42,13.92,14.23,272368
2020-08-11,14.23,14.36,13.87,13.89,255747
2020-08-12,13.8,14.01,13.43,13.99,353037
2020-08-13,14.0,14.05,13.82,13.87,172106
2020-08-14,13.72,14.08,13.72,14.05,196989
2020-08-17,14.03,14.45,13.96,14.39,324208
2020-08-18,14.39,14.69,14.24,14.6,390391
2020-08-19,14.4,14.76,14.35,14.49,419667
2020-08-20,14.41,14.81,14.25,14.65,368066
2020-08-21,14.76,15.36,14.76,15.23,795539
2020-08-24,15.28,15.64,14.82,15.26,652991
2020-08-25,15.2,15.26,14.71,15.0,548555
2020-08-26,15.08,15.58,14.91,15.45,802264
2020-08-27,14.97,14.97,14.27,14.5,703859
2020-08-28,14.46,14.51,13.97,14.5,435319
2020-08-31,14.8,16.08,14.51,15.57,1345139
2020-09-01,15.4,15.79,15.3,15.64,790423
2020-09-02,15.68,15.68,15.31,15.47,508869
2020-09-03,15.47,15.52,14.78,14.91,572362
2020-09-04,14.58,14.82,14.41,14.68,413670
2020-09-07,14.69,14.77,14.0,14.03,535080
2020-09-08,14.08,14.29,13.87,14.28,287256
2020-09-09,14.07,14.2,13.6,13.67,338131
2020-09-10,13.82,13.95,13.48,13.49,269143
2020-09-11,13.41,13.83,13.35,13.8,210390
2020-09-14,13.93,13.93,13.65,13.78,215592
2020-09-15,13.74,13.75,13.45,13.62,221294
2020-09-16,13.58,13.64,13.2,13.32,211633
2020-09-17,13.23,13.65,12.92,13.48,279342
2020-09-18,13.41,13.62,13.3,13.6,204599
2020-09-21,13.64,13.8,13.26,13.28,298097
2020-09-22,13.15,13.27,12.9,12.91,226448
2020-09-23,12.94,13.05,12.58,12.65,339989
2020-09-24,12.55,12.58,12.13,12.19,298732
2020-09-25,12.2,12.31,11.98,12.06,273338
2020-09-28,12.09,12.33,12.02,12.12,166366
2020-09-29,12.1,12.38,12.1,12.17,203225
2020-09-30,12.16,12.43,12.15,12.29,168769
2020-10-09,12.6,13.02,12.5,12.94,321489
2020-10-12,13.0,13.25,12.88,13.24,360665
2020-10-13,13.2,13.21,13.03,13.11,191072
2020-10-14,13.14,13.14,12.81,12.81,203374
2020-10-15,12.87,13.02,12.7,12.73,146522
2020-10-16,12.7,12.81,12.5,12.73,143082
2020-10-19,12.78,13.08,12.58,12.6,147228
2020-10-20,12.64,12.98,12.57,12.95,166897
2020-10-21,12.91,12.93,12.61,12.7,135821
2020-10-22,12.5,12.5,12.02,12.18,270230
2020-10-23,12.22,12.43,12.06,12.11,165913
2020-10-26,12.08,12.2,11.88,12.16,93954
2020-10-27,12.1,12.21,11.89,11.98,151872
2020-10-28,11.98,12.22,11.69,12.17,222914
2020-10-29,11.93,12.04,11.85,11.97,144864
2020-10-30,11.97,12.04,11.42,11.44,246392
2020-11-02,11.45,11.49,11.13,11.16,197610
2020-11-03,11.16,11.75,11.15,11.6,224468
2020-11-04,11.62,11.68,11.48,11.6,136256
2020-11-05,11.75,12.06,11.61,12.02,241312
2020-11-06,12.0,12.18,11.92,12.13,220096
2020-11-09,12.25,12.64,12.25,12.44,343540
2020-11-10,12.45,12.48,12.24,12.35,204883
2020-11-11,12.27,12.39,12.0,12.03,169886
2020-11-12,11.94,11.94,11.46,11.55,278743
2020-11-13,11.49,11.55,11.31,11.48,177027
2020-11-16,11.5,11.62,11.36,11.58,124212
2020-11-17,11.6,11.64,11.32,11.51,148375
2020-11-18,11.53,11.68,11.45,11.56,116323
2020-11-19,11.56,11.65,11.4,11.56,112898
2020-11-20,11.58,11.62,11.4,11.48,118645
2020-11-23,11.43,11.59,11.36,11.49,155038
2020-11-24,11.49,11.67,11.46,11.55,132504
2020-11-25,11.65,11.74,11.54,11.54,141885
2020-11-26,11.56,11.6,11.41,11.48,95600
2020-11-27,11.48,11.52,11.28,11.39,133007
2020-11-30,11.4,11.63,11.34,11.42,136926
2020-12-01,11.39,11.67,11.39,11.58,186172
2020-12-02,11.59,12.15,11.55,12.07,372386
2020-12-03,12.01,12.06,11.87,12.04,202657
2020-12-04,11.98,12.13,11.92,11.99,139811
2020-12-07,12.0,12.1,11.83,11.84,141864
2020-12-08,11.98,12.02,11.78,11.79,111441
2020-12-09,11.88,11.89,11.38,11.4,186598
2020-12-10,11.38,11.46,11.26,11.42,114511
2020-12-11,11.39,11.42,10.9,11.04,269357
2020-12-14,11.05,11.1,10.9,11.01,113560
2020-12-15,11.04,11.21,10.92,11.1,111116
2020-12-16,11.06,11.12,10.88,10.89,99633
2020-12-17,10.85,10.97,10.61,10.97,166110
2020-12-18,10.96,11.02,10.78,10.8,102999
2020-12-21,10.78,11.0,10.73,10.91,110234
2020-12-22,10.87,10.89,10.58,10.6,161348
2020-12-23,10.6,10.67,10.3,10.51,170633
2020-12-24,10.46,10.48,9.98,9.98,204013
2020-12-25,9.96,10.23,9.86,10.03,111998
2020-12-28,10.02,10.02,9.45,9.59,255550
2020-12-29,9.55,10.03,9.52,9.85,250683
2020-12-30,9.9,10.04,9.8,9.98,132955
2020-12-31,9.98,10.45,9.93,10.29,212234
2021-01-04,10.49,10.49,10.23,10.38,159596
2021-01-05,10.35,10.61,10.29,10.57,205724
2021-01-06,10.65,10.65,10.2,10.25,185694
2021-01-07,10.19,10.2,9.78,9.93,198817
2021-01-08,9.94,10.4,9.87,10.34,215768
2021-01-11,10.43,10.82,10.38,10.5,286805
2021-01-12,10.45,10.54,10.15,10.45,252469
2021-01-13,10.37,10.62,10.2,10.6,307832
2021-01-14,10.59,10.99,10.5,10.86,426624
2021-01-15,10.78,10.86,10.38,10.54,279978
2021-01-18,10.49,10.65,10.34,10.56,230966
2021-01-19,10.54,10.57,10.35,10.37,193017
2021-01-20,10.37,10.37,10.06,10.1,236858
2021-01-21,10.08,10.28,10.04,10.15,158616
2021-01-22,10.15,10.3,9.79,10.15,261563
2021-01-25,10.12,10.12,9.72,9.8,229355
2021-01-26,9.73,9.88,9.63,9.77,124968
2021-01-27,9.73,9.85,9.66,9.72,87921
2021-01-28,9.64,9.7,9.54,9.62,125071
2021-01-29,9.66,9.71,9.2,9.4,148059
2021-02-01,9.35,9.46,9.21,9.25,105181
2021-02-02,9.25,9.96,9.22,9.67,203951
2021-02-03,9.58,9.62,9.33,9.4,105325
2021-02-04,9.33,9.41,8.94,9.27,161440
2021-02-05,9.23,9.37,8.97,9.0,103977
2021-02-08,9.1,9.26,9.0,9.12,74941
2021-02-09,9.17,9.36,9.05,9.3,107706
2021-02-10,9.28,9.46,9.26,9.44,102838
2021-02-18,9.57,9.74,9.52,9.71,130460
2021-02-19,9.75,9.98,9.68,9.98,151787
2021-02-22,10.0,10.17,9.83,9.83,182503
2021-02-23,9.76,9.93,9.68,9.8,106179
2021-02-24,9.83,10.05,9.81,9.85,133469
2021-02-25,9.92,9.99,9.72,9.77,90791
2021-02-26,9.67,9.86,9.6,9.75,85454
2021-03-01,9.81,10.04,9.81,9.99,120554
2021-03-02,10.0,10.07,9.87,9.92,89791
2021-03-03,9.9,10.06,9.89,10.05,125284
2021-03-04,10.06,10.15,9.84,9.9,118106
2021-03-05,9.81,10.17,9.8,10.15,137079
2021-03-08,10.2,10.58,10.06,10.21,218374
2021-03-09,10.09,10.53,9.89,10.39,262727
2021-03-10,10.58,10.62,10.13,10.41,211586
2021-03-11,10.33,10.56,10.33,10.55,194657
2021-03-12,10.53,10.53,9.99,10.04,239148
2021-03-15,9.94,9.97,9.7,9.88,137920
2021-03-16,9.87,9.92,9.69,9.72,108381
2021-03-17,9.55,9.56,9.15,9.39,186494
2021-03-18,9.39,9.49,9.08,9.12,248215
2021-03-19,9.02,9.25,9.01,9.21,141745
2021-03-22,9.14,9.53,9.14,9.5,152220
2021-03-23,9.44,9.49,9.3,9.37,83471
2021-03-24,9.29,9.43,9.22,9.34,76169
2021-03-25,9.32,9.48,9.27,9.41,79409
2021-03-26,9.41,9.48,9.33,9.43,92140
2021-03-29,9.43,9.44,9.26,9.28,99751
2021-03-30,9.29,9.3,9.1,9.17,90931
2021-03-31,9.16,9.56,9.12,9.54,167379
2021-04-01,9.47,10.03,9.46,9.66,216558
2021-04-02,9.66,10.22,9.66,10.13,321540
2021-04-06,10.05,10.26,9.97,9.99,223922
2021-04-07,9.95,10.13,9.95,10.09,145376
2021-04-08,10.06,10.32,9.97,10.24,207489
2021-04-09,10.23,10.28,10.03,10.03,143761
2021-04-12,10.09,10.25,9.96,10.01,176019
2021-04-13,9.92,10.02,9.66,9.7,188163
2021-04-14,9.79,9.93,9.75,9.77,87262
2021-04-15,9.77,9.82,9.67,9.73,75044
2021-04-16,9.73,10.17,9.68,10.11,179194
2021-04-19,10.21,11.25,10.21,11.25,724396
2021-04-20,11.5,11.64,11.13,11.35,953241
2021-04-21,11.27,11.38,10.83,10.91,510768
2021-04-22,11.02,11.85,10.95,11.62,695226
2021-04-23,11.39,11.49,11.14,11.19,381068
2021-04-26,11.3,11.36,10.88,10.94,379580
2021-04-27,10.94,11.1,10.5,10.66,306145
2021-04-28,10.72,10.75,10.4,10.58,230903
2021-04-29,10.59,10.8,10.51,10.61,193961
2021-04-30,10.6,10.85,10.47,10.61,217794
2021-05-06,10.67,11.21,10.62,10.88,371039
2021-05-07,10.88,10.96,10.52,10.59,263098
2021-05-10,10.59,10.92,10.3,10.56,284085
2021-05-11,10.55,10.56,10.17,10.33,225063
2021-05-12,10.36,10.45,10.21,10.42,188325
2021-05-13,10.3,11.25,10.29,11.11,524504
2021-05-14,11.16,11.43,10.85,11.35,440177
2021-05-17,11.28,12.05,11.24,11.78,522273
2021-05-18,11.91,12.08,11.54,11.7,444033
2021-05-19,11.82,12.95,11.74,12.35,944408
2021-05-20,12.28,12.7,12.0,12.44,676037
2021-05-21,12.36,12.6,12.26,12.4,383604
2021-05-24,12.5,13.09,12.27,12.6,690157
2021-05-25,12.48,12.5,12.05,12.3,564650
2021-05-26,12.36,12.75,11.88,11.93,623205
2021-05-27,12.03,12.18,11.81,11.89,476584
2021-05-28,11.87,12.01,11.75,11.91,362339
2021-05-31,11.96,12.39,11.96,12.06,416800
2021-06-01,12.04,13.22,11.86,12.94,1018356
2021-06-02,12.84,13.0,12.35,12.65,677221
2021-06-03,12.53,12.78,12.35,12.36,452433
2021-06-04,12.35,12.65,12.14,12.62,445746
2021-06-07,12.69,12.92,12.34,12.44,434878
2021-06-08,12.22,12.55,12.03,12.35,468148
2021-06-09,12.24,12.32,11.63,11.74,523673
2021-06-10,11.61,11.82,11.53,11.7,379982
2021-06-11,11.81,12.04,11.4,11.85,327771
2021-06-15,12.36,13.15,12.35,13.15,1534224
2021-06-16,13.24,13.58,12.68,12.88,1795128
2021-06-17,12.91,13.58,12.45,13.54,1376301
2021-06-18,13.3,13.33,12.94,13.21,909618
2021-06-21,13.05,13.77,12.72,13.29,857386
2021-06-22,13.18,13.24,12.73,12.83,701013
2021-06-23,12.83,13.16,12.71,13.02,616058
2021-06-24,13.03,13.36,12.75,12.81,538556
2021-06-25,12.69,13.04,12.58,13.0,479223
2021-06-28,13.07,13.65,12.88,13.63,906618
2021-06-29,13.65,13.65,13.21,13.4,526093
2021-06-30,13.3,13.67,13.27,13.59,512144
2021-07-01,13.52,13.52,12.9,12.9,523748
2021-07-02,12.81,13.12,12.61,12.67,338144
2021-07-05,12.79,13.04,12.7,12.99,342262
2021-07-06,13.1,13.16,12.4,12.58,463817
2021-07-07,12.47,12.75,12.22,12.71,385260
2021-07-08,12.78,12.96,12.68,12.75,371922
2021-07-09,12.63,13.24,12.46,13.14,566038
2021-07-12,13.19,13.19,12.7,12.89,463491
2021-07-13,12.85,13.71,12.54,13.55,940210
2021-07-14,13.89,14.26,13.49,13.49,836114
2021-07-15,13.57,13.82,13.01,13.3,473202
2021-07-16,13.31,14.73,13.31,14.47,1185020
2021-07-19,14.57,14.83,14.15,14.35,621610
2021-07-20,14.0,14.6,13.96,14.45,458380
2021-07-21,14.36,14.56,14.05,14.05,642188
2021-07-22,14.21,14.28,13.38,13.74,784417
2021-07-23,13.74,14.07,13.49,13.52,459205
2021-07-26,13.52,13.78,12.91,13.37,460443
2021-07-27,13.42,13.62,12.91,12.98,532119
2021-07-28,12.88,12.89,12.1,12.18,546149
2021-07-29,12.41,12.62,12.21,12.52,474832
2021-07-30,12.45,12.85,12.39,12.57,414875
2021-08-02,12.48,13.04,12.37,12.82,371450
2021-08-03,12.7,12.86,12.26,12.35,367632
2021-08-04,12.27,12.83,12.26,12.57,327253
2021-08-05,13.5,13.94,13.5,13.94,670369
2021-08-06,13.86,13.99,12.9,13.61,861257
2021-08-09,13.62,13.88,13.5,13.71,404157
2021-08-10,13.65,13.85,13.51,13.7,393050
2021-08-11,13.81,14.05,13.59,13.67,362247
2021-08-12,13.67,13.85,13.41,13.72,469998
2021-08-13,13.7,13.73,13.3,13.36,373959
2021-08-16,13.27,13.28,12.76,12.84,406056
2021-08-17,12.91,12.95,12.4,12.48,330573
2021-08-18,12.5,12.62,12.36,12.42,239579
2021-08-19,12.4,12.59,12.32,12.4,219819
2021-08-20,12.4,12.52,12.12,12.5,226672
2021-08-23,12.28,12.67,12.2,12.59,289542
2021-08-24,12.49,12.56,12.31,12.44,234590
2021-08-25,12.36,12.46,12.1,12.29,290918
2021-08-26,12.21,12.8,12.19,12.66,344248
2021-08-27,12.81,13.45,12.4,13.22,640939
2021-08-30,13.7,13.8,12.99,13.21,561516
2021-08-31,12.8,12.85,12.28,12.41,537974
2021-09-01,12.39,12.6,12.21,12.47,239946
2021-09-02,12.49,12.65,12.34,12.55,199130
2021-09-03,12.5,12.94,12.37,12.75,271176
2021-09-06,12.84,13.08,12.6,12.95,259233
2021-09-07,12.95,13.59,12.86,13.29,441128
2021-09-08,13.29,14.36,13.23,14.34,1135087
2021-09-09,13.77,13.93,13.39,13.51,759550
2021-09-10,13.45,13.65,13.15,13.4,403752
2021-09-13,13.3,13.77,13.18,13.6,382624
2021-09-14,13.43,13.67,13.25,13.31,339461
2021-09-15,13.36,13.46,12.84,12.84,363996
2021-09-16,12.7,13.01,12.58,12.64,291861
2021-09-17,12.73,12.9,12.41,12.83,201868
2021-09-22,12.74,13.09,12.59,12.97,215633
2021-09-23,13.02,13.12,12.92,13.1,206767
2021-09-24,13.1,13.49,12.79,13.34,368001
2021-09-27,13.37,13.78,13.24,13.66,568115
2021-09-28,13.66,13.66,13.32,13.45,263622
2021-09-29,13.32,13.37,12.82,12.9,236145
2021-09-30,12.95,13.6,12.91,13.46,280488
2021-10-08,13.46,13.99,13.42,13.7,391388
2021-10-11,13.7,13.85,13.45,13.62,235407
2021-10-12,13.5,13.63,13.1,13.29,218387
2021-10-13,13.29,13.45,12.94,13.18,163570
2021-10-14,13.24,13.32,13.1,13.26,122758
2021-10-15,13.27,13.32,12.81,12.91,193065
2021-10-18,12.91,13.07,12.73,13.03,138415
2021-10-19,12.92,13.3,12.91,13.05,143026
2021-10-20,13.0,13.18,12.88,13.11,151165
2021-10-21,13.16,13.38,12.98,13.04,152253
2021-10-22,12.91,13.88,12.82,13.63,559941
2021-10-25,13.61,14.2,13.5,14.04,659539
2021-10-26,14.1,15.05,13.99,14.83,1264108
2021-10-27,14.77,14.93,14.3,14.45,680607
2021-10-28,14.42,14.53,13.97,14.08,471989
2021-10-29,14.28,14.85,14.18,14.65,667523
2021-11-01,14.65,15.44,14.55,15.05,779696
2021-11-02,15.0,15.3,14.63,14.85,645941
2021-11-03,15.03,15.34,14.68,14.93,501289
2021-11-04,15.03,15.64,14.99,15.38,691791
2021-11-05,15.37,17.03,15.22,16.16,2140714
2021-11-08,16.0,16.07,14.7,15.42,1479664
2021-11-09,15.2,15.54,15.03,15.17,814750
2021-11-10,15.22,15.8,15.05,15.3,932714
2021-11-11,15.09,16.19,15.06,15.86,942640
2021-11-12,15.86,16.06,15.45,15.77,675166
2021-11-15,15.9,16.4,15.65,16.2,747213
2021-11-16,16.13,17.04,15.84,16.37,1084509
2021-11-17,16.17,16.58,16.04,16.14,646152
2021-11-18,15.95,16.77,15.57,15.94,783528
2021-11-19,15.94,17.08,15.92,16.95,1076042
2021-11-22,16.93,17.86,16.7,17.73,994042
2021-11-23,17.49,17.69,16.9,17.15,704287
2021-11-24,17.25,17.45,16.75,17.21,660508
2021-11-25,17.25,17.29,16.28,16.36,692019
2021-11-26,16.29,16.89,16.18,16.32,486406
2021-11-29,16.08,16.88,16.02,16.73,532092
2021-11-30,16.76,17.08,16.38,16.41,459293
2021-12-01,16.35,16.68,16.01,16.11,419206
2021-12-02,15.96,16.18,15.45,15.55,588216
2021-12-03,15.63,15.83,15.4,15.67,316017
2021-12-06,15.6,15.89,15.4,15.44,300360
2021-12-07,15.53,15.6,15.05,15.25,350328
2021-12-08,15.28,15.99,15.18,15.91,429296
2021-12-09,16.0,16.1,15.71,15.83,307824
2021-12-10,15.83,16.15,15.53,16.07,416592
2021-12-13,16.18,16.69,15.93,16.55,539043
2021-12-14,16.4,16.55,16.08,16.26,359182
2021-12-15,16.3,16.58,15.9,16.1,322070
2021-12-16,16.08,16.45,15.98,16.3,267183
2021-12-17,16.3,16.75,16.26,16.36,425796
2021-12-20,16.4,16.6,15.3,15.43,476493
2021-12-21,15.41,16.2,15.39,15.9,307053
2021-12-22,16.06,17.16,15.91,16.74,770741
2021-12-23,17.16,17.2,16.69,16.82,453931
2021-12-24,17.1,17.36,16.54,16.88,470653
2021-12-27,16.89,17.06,16.34,16.65,304925
2021-12-28,16.85,17.08,16.38,16.61,333235
2021-12-29,16.62,16.77,16.35,16.43,278156
2021-12-30,16.35,16.97,16.31,16.79,330603
2021-12-31,16.79,16.8,16.02,16.29,422457
2022-01-04,16.3,17.35,16.13,17.2,720992
2022-01-05,17.0,17.15,15.8,16.12,726363
2022-01-06,15.66,16.17,15.56,15.84,351227
2022-01-07,15.84,16.08,14.77,14.81,519323
2022-01-10,14.68,14.96,14.25,14.5,456120
2022-01-11,14.53,14.55,13.76,13.97,457586
2022-01-12,14.09,14.25,13.76,14.16,361104
2022-01-13,14.15,14.48,14.01,14.07,306053
2022-01-14,13.96,14.88,13.91,14.5,406224
2022-01-17,14.49,15.58,14.46,15.38,524971
2022-01-18,15.4,15.6,15.12,15.41,337994
2022-01-19,15.26,15.49,15.01,15.14,213110
2022-01-20,15.06,15.15,14.6,14.85,304489
2022-01-21,14.86,15.15,14.59,14.69,219598
2022-01-24,14.54,14.94,14.43,14.69,153095
2022-01-25,14.54,14.8,13.95,13.98,215483
2022-01-26,13.87,14.17,13.6,13.72,284330
2022-01-27,13.66,13.66,12.91,12.93,385303
2022-01-28,13.19,13.19,12.57,12.58,336628
2022-02-07,12.76,12.96,12.57,12.75,296565
2022-02-08,12.59,12.88,12.31,12.75,252694
2022-02-09,12.75,13.23,12.68,13.15,268148
2022-02-10,13.15,13.3,13.03,13.1,236912
2022-02-11,13.25,13.43,12.85,13.0,340729
2022-02-14,12.86,13.23,12.74,13.2,182552
2022-02-15,13.03,13.58,13.02,13.49,228351
2022-02-16,13.49,13.58,13.14,13.2,218262
2022-02-17,13.2,13.35,13.06,13.2,185556
2022-02-18,13.09,13.36,13.08,13.19,168356
2022-02-21,13.18,13.35,13.08,13.21,259887
2022-02-22,13.09,13.16,12.77,12.9,197466
2022-02-23,12.91,13.51,12.85,13.36,271013
2022-02-24,13.26,13.51,12.88,13.04,289367
2022-02-25,13.2,13.44,13.16,13.2,200628
2022-02-28,13.06,13.21,12.95,13.06,128070
2022-03-01,13.06,13.13,12.88,12.98,184437
2022-03-02,12.88,12.95,12.75,12.8,165131
2022-03-03,12.89,12.91,12.32,12.4,301909
2022-03-04,12.32,12.35,11.9,12.02,362264
2022-03-07,11.92,11.92,11.31,11.46,374803
2022-03-08,11.35,11.69,11.17,11.24,345395
2022-03-09,11.3,11.38,10.5,11.13,307728
2022-03-10,11.15,11.3,10.74,10.8,509089
2022-03-11,10.58,10.83,10.28,10.72,460744
2022-03-14,10.61,10.69,10.33,10.34,243223
2022-03-15,10.28,10.35,9.67,9.68,355855
2022-03-16,9.95,10.39,9.56,10.25,503513
2022-03-17,10.49,10.61,10.32,10.42,354746
2022-03-18,10.39,10.55,10.3,10.43,202419
2022-03-21,10.43,10.62,10.36,10.54,227090
2022-03-22,10.59,10.7,10.41,10.55,190673
2022-03-23,10.6,10.62,10.46,10.54,144376
2022-03-24,10.5,10.58,10.31,10.45,178761
2022-03-25,10.54,10.64,10.42,10.45,205238
2022-03-28,10.22,10.44,10.09,10.3,193354
2022-03-29,10.35,10.39,9.95,10.02,197907
2022-03-30,10.12,10.34,10.05,10.32,170081
2022-03-31,10.32,10.34,10.01,10.06,140884
2022-04-01,9.98,10.12,9.92,10.05,146495
2022-04-06,10.08,10.08,9.81,9.93,194322
2022-04-07,9.9,9.93,9.51,9.55,262022
2022-04-08,9.55,9.6,9.19,9.32,248140
2022-04-11,9.32,9.4,8.78,8.82,318035
2022-04-12,8.84,9.11,8.68,9.11,241859
2022-04-13,9.08,9.08,8.8,8.82,164821
2022-04-14,8.9,9.05,8.69,8.89,192828
2022-04-15,8.91,9.12,8.83,8.95,206941
2022-04-18,8.97,9.22,8.95,9.18,235419
2022-04-19,9.22,9.25,8.96,9.04,203740
2022-04-20,9.06,9.18,8.82,8.87,211293
2022-04-21,8.87,9.09,8.67,8.72,273280
2022-04-22,8.68,8.78,8.38,8.67,249744
2022-04-25,8.54,8.54,7.71,7.72,415045
2022-04-26,7.79,8.15,7.59,7.62,348730
2022-04-27,7.52,8.19,7.45,8.15,383214
2022-04-28,8.15,8.42,8.08,8.25,308199
2022-04-29,8.33,8.56,8.16,8.52,302309
2022-05-05,8.48,8.68,8.4,8.58,227825
2022-05-06,8.37,8.65,8.27,8.51,190570
2022-05-09,8.51,8.66,8.41,8.55,148893
2022-05-10,8.44,8.9,8.38,8.88,270905
2022-05-11,8.91,9.21,8.83,8.93,321175
2022-05-12,8.89,9.2,8.88,9.11,214278
2022-05-13,9.13,9.18,8.94,9.04,154513
2022-05-16,9.1,9.16,8.85,8.94,208686
2022-05-17,8.94,9.09,8.76,9.07,200550
2022-05-18,9.07,9.35,9.01,9.16,219938
2022-05-19,9.02,9.2,8.99,9.11,191654
2022-05-20,9.2,9.43,9.18,9.39,269721
2022-05-23,9.52,9.65,9.26,9.35,233166
2022-05-24,9.31,9.55,8.94,8.96,342064
2022-05-25,8.97,9.06,8.86,9.04,164650
2022-05-26,9.01,9.25,8.77,9.17,220574
2022-05-27,9.2,9.31,8.98,9.07,200440
2022-05-30,9.19,9.28,9.06,9.25,231369
2022-05-31,9.3,10.27,9.06,10.27,619661
2022-06-01,10.4,10.54,10.02,10.25,1020434
2022-06-02,9.99,10.37,9.97,10.29,657829
2022-06-06,10.21,10.72,10.1,10.69,842647
2022-06-07,10.49,10.68,10.22,10.33,497795
2022-06-08,10.22,10.34,9.96,10.18,409081
2022-06-09,10.14,10.14,9.8,9.86,253224
2022-06-10,9.79,10.16,9.77,10.16,320946
2022-06-13,10.1,10.39,9.96,10.34,402311
2022-06-14,10.16,10.28,9.85,10.25,315851
2022-06-15,10.25,10.46,10.22,10.28,412054
2022-06-16,10.3,10.6,10.3,10.46,438123
2022-06-17,10.32,10.66,10.14,10.53,432130
2022-06-20,10.73,10.9,10.41,10.55,472183
2022-06-21,10.5,10.84,10.41,10.61,512569
2022-06-22,10.78,10.86,10.14,10.15,488639
2022-06-23,10.12,10.55,10.05,10.5,538852
2022-06-24,10.52,10.69,10.45,10.63,469565
2022-06-27,10.72,10.74,10.5,10.55,433241
2022-06-28,10.69,11.2,10.48,11.14,760326
2022-06-29,11.1,11.18,10.66,10.67,540022
2022-06-30,10.65,11.36,10.62,11.21,731482
2022-07-01,11.24,11.49,11.02,11.35,532289
2022-07-04,11.3,11.3,11.02,11.2,328326
2022-07-05,11.14,11.28,10.82,11.1,383161
2022-07-06,11.01,11.23,10.86,11.01,263041
2022-07-07,11.02,11.6,10.96,11.33,478483
2022-07-08,11.31,11.66,11.25,11.35,584317
2022-07-11,11.32,11.32,10.86,11.03,370949
2022-07-12,10.96,11.02,10.46,10.48,400096
2022-07-13,10.45,10.71,10.4,10.43,260221
2022-07-14,10.43,11.04,10.41,10.85,410204
2022-07-15,10.82,10.86,10.58,10.59,261293
2022-07-18,10.68,11.45,10.47,11.36,592442
2022-07-19,11.43,11.52,11.04,11.2,394834
2022-07-20,11.25,11.3,11.05,11.18,280619
2022-07-21,11.18,11.32,11.03,11.04,273072
2022-07-22,11.09,11.19,10.76,10.95,304938
2022-07-25,10.94,11.05,10.57,10.63,226144
2022-07-26,10.72,10.8,10.48,10.76,195514
2022-07-27,10.7,10.99,10.65,10.8,217631
2022-07-28,10.85,11.65,10.81,11.34,800507
2022-07-29,11.35,11.45,11.12,11.22,382320
2022-08-01,11.23,12.0,11.0,11.93,813945
2022-08-02,11.72,11.85,11.22,11.39,671459
2022-08-03,11.57,12.0,11.55,11.64,788562
2022-08-04,11.89,12.43,11.8,11.96,693601
2022-08-05,12.1,12.29,11.95,12.0,640879
2022-08-08,11.93,12.34,11.78,12.3,588623
2022-08-09,12.13,12.48,12.01,12.43,426658
2022-08-10,12.3,13.0,12.25,12.89,644671
2022-08-11,12.88,13.62,12.8,13.48,708348
2022-08-12,13.43,13.47,12.94,13.03,571388
2022-08-15,12.97,13.26,12.83,13.18,445849
2022-08-16,13.1,13.32,12.99,13.15,291042
2022-08-17,13.19,13.9,13.03,13.69,639514
2022-08-18,14.1,14.75,14.06,14.57,1267132
2022-08-19,14.55,14.63,13.5,13.51,834639
2022-08-22,13.5,14.03,13.42,13.83,657475
2022-08-23,13.75,13.93,13.32,13.5,445673
2022-08-24,13.49,13.54,12.8,12.9,506639
2022-08-25,12.98,13.13,12.3,12.66,370360
2022-08-26,12.75,12.96,12.46,12.52,226521
2022-08-29,12.26,12.69,12.2,12.51,219401
2022-08-30,12.5,12.88,12.4,12.64,314078
2022-08-31,12.46,12.68,11.94,12.0,336091
2022-09-01,12.02,12.33,11.97,12.02,177154
2022-09-02,12.06,12.63,12.03,12.5,266006
2022-09-05,12.55,12.85,12.3,12.43,244830
2022-09-06,12.48,12.59,12.08,12.28,363891
2022-09-07,12.22,12.68,12.17,12.62,322711
2022-09-08,12.62,12.68,11.77,11.9,441189
2022-09-09,11.85,12.08,11.82,11.98,170400
2022-09-13,12.01,12.65,11.98,12.11,297600
2022-09-14,11.86,12.01,11.52,11.6,326499
2022-09-15,11.66,11.7,10.9,11.12,357483
2022-09-16,11.07,11.19,10.83,10.83,227795
2022-09-19,10.86,11.01,10.6,10.73,199195
2022-09-20,10.86,10.91,10.71,10.84,152227
2022-09-21,10.75,10.94,10.52,10.8,166499
2022-09-22,10.68,10.9,10.65,10.71,120266
2022-09-23,10.71,10.78,10.3,10.4,282559
2022-09-26,10.35,10.56,10.23,10.35,166273
2022-09-27,10.37,10.51,10.2,10.37,231217
2022-09-28,10.4,10.43,9.89,9.91,278851
2022-09-29,10.11,10.18,9.99,10.06,252318
2022-09-30,10.0,10.07,9.71,9.77,194886
2022-10-10,9.86,9.9,9.29,9.33,204340
2022-10-11,9.4,9.61,9.32,9.53,215516
2022-10-12,9.45,10.14,9.42,10.09,284205
2022-10-13,10.05,10.35,9.99,10.22,227601
2022-10-14,10.3,10.55,10.19,10.49,184519
2022-10-17,10.5,10.98,10.45,10.9,266495
2022-10-18,10.95,11.0,10.72,10.85,181122
2022-10-19,10.84,11.0,10.7,10.73,208313
2022-10-20,10.7,10.95,10.53,10.78,162997
2022-10-21,10.8,10.84,10.63,10.73,121049
2022-10-24,10.77,10.99,10.51,10.65,241244
2022-10-25,10.93,11.29,10.76,11.24,659110
2022-10-26,11.24,11.8,11.12,11.69,533617
2022-10-27,11.69,11.75,11.48,11.55,258456
2022-10-28,11.5,11.64,11.02,11.11,282370
2022-10-31,11.04,11.37,10.92,11.17,243857
2022-11-01,11.03,11.56,11.03,11.55,256692
2022-11-02,12.31,12.34,11.8,11.83,706141
2022-11-03,11.74,12.19,11.69,12.14,354754
2022-11-04,12.02,12.3,11.9,12.17,268184
2022-11-07,12.21,12.54,12.12,12.21,272730
2022-11-08,12.17,12.17,11.82,11.92,227165
2022-11-09,11.81,12.02,11.75,11.87,154863
2022-11-10,11.71,11.81,11.4,11.5,228529
2022-11-11,11.79,11.93,11.6,11.61,180165
2022-11-14,11.65,11.87,11.54,11.65,140077
2022-11-15,11.5,11.94,11.41,11.94,219059
2022-11-16,11.94,11.98,11.69,11.76,136549
2022-11-17,11.73,11.76,11.45,11.75,169417
2022-11-18,11.82,11.95,11.62,11.65,198312
2022-11-21,11.56,11.75,11.52,11.65,150432
2022-11-22,11.56,11.69,11.25,11.34,202188
2022-11-23,11.35,11.43,10.98,11.25,198538
2022-11-24,11.35,11.4,11.1,11.29,104819
2022-11-25,11.32,11.37,10.96,11.03,160104
2022-11-28,10.8,10.95,10.71,10.86,190395
2022-11-29,10.89,11.24,10.88,11.18,135912
2022-11-30,11.18,11.32,11.11,11.18,120741
2022-12-01,11.3,11.52,11.2,11.22,159084
2022-12-02,11.26,11.48,11.22,11.4,134605
2022-12-05,11.56,11.56,11.3,11.39,150853
2022-12-06,11.3,11.46,11.29,11.37,117538
2022-12-07,11.37,11.45,11.28,11.32,98074
2022-12-08,11.26,11.36,11.1,11.15,130614
2022-12-09,11.16,11.44,11.12,11.37,149314
2022-12-12,11.37,11.5,11.16,11.42,133538
2022-12-13,11.39,11.39,11.13,11.17,120344
2022-12-14,11.28,11.49,11.15,11.16,147509
2022-12-15,11.12,11.41,11.03,11.34,133084
2022-12-16,11.26,11.28,11.11,11.18,108828
2022-12-19,11.1,11.21,10.65,10.7,132393
2022-12-20,10.6,11.02,10.58,10.85,125713
2022-12-21,10.81,10.91,10.67,10.74,73425
2022-12-22,10.78,11.05,10.7,10.74,106618
2022-12-23,10.67,10.77,10.41,10.52,85886
2022-12-26,10.53,10.95,10.52,10.94,105321
2022-12-27,10.97,11.1,10.89,11.03,108267
2022-12-28,10.94,11.02,10.88,10.92,64925
2022-12-29,10.91,11.02,10.86,10.89,62201
2022-12-30,10.91,11.05,10.84,10.89,79411
2023-01-03,10.89,11.38,10.79,11.34,187939
2023-01-04,11.3,11.49,11.07,11.18,134353
2023-01-05,11.2,11.44,11.1,11.33,162963
2023-01-06,11.33,11.48,11.23,11.43,142528
2023-01-09,11.45,11.6,11.43,11.5,129946
2023-01-10,11.47,11.58,11.4,11.5,111529
2023-01-11,11.5,11.7,11.46,11.55,154510
2023-01-12,11.5,11.64,11.4,11.58,80751
2023-01-13,11.55,11.57,11.35,11.48,81864
2023-01-16,11.5,11.68,11.46,11.66,146195
2023-01-17,11.62,11.86,11.58,11.78,140458
2023-01-18,11.76,11.82,11.64,11.74,84699
2023-01-19,11.73,11.86,11.68,11.85,101181
2023-01-20,11.9,12.02,11.7,11.87,214698
2023-01-30,12.05,12.15,11.82,11.93,278795
2023-01-31,11.91,11.96,11.75,11.76,194360
2023-02-01,11.8,12.06,11.79,12.0,247645
2023-02-02,12.05,12.18,11.96,11.98,217632
2023-02-03,12.0,12.22,11.85,12.14,240994
2023-02-06,12.0,12.18,11.79,11.87,255211
2023-02-07,11.99,12.4,11.96,12.31,391872
2023-02-08,12.26,12.37,12.0,12.01,255450
2023-02-09,11.91,12.3,11.91,12.27,216421
2023-02-10,12.26,12.4,12.12,12.19,187029
2023-02-13,12.28,12.45,12.21,12.37,261670
2023-02-14,12.36,12.44,12.24,12.39,215995
2023-02-15,12.36,12.76,12.35,12.67,330495
2023-02-16,12.6,12.65,12.18,12.32,291469
2023-02-17,12.32,12.38,12.03,12.08,223344
2023-02-20,12.13,12.38,12.02,12.32,210865
2023-02-21,12.33,12.52,12.27,12.37,171423
2023-02-22,12.25,12.55,12.22,12.4,139609
2023-02-23,12.44,12.46,12.22,12.33,129813
2023-02-24,12.29,12.4,12.23,12.29,90145
2023-02-27,12.15,12.23,11.95,11.98,187354
2023-02-28,12.08,12.21,11.88,12.03,203410
2023-03-01,12.03,12.32,11.97,12.3,154053
2023-03-02,12.29,12.35,11.96,12.02,153762
2023-03-03,12.08,12.16,11.84,11.98,137226
2023-03-06,11.98,12.08,11.83,11.9,156125
2023-03-07,11.98,12.0,11.59,11.59,172515
2023-03-08,11.48,11.8,11.48,11.74,95675
2023-03-09,11.66,11.86,11.65,11.82,85755
2023-03-10,11.73,11.82,11.57,11.63,108210
2023-03-13,11.6,11.74,11.52,11.65,97782
2023-03-14,11.6,11.63,11.25,11.5,165115
2023-03-15,11.58,12.06,11.58,11.76,195796
2023-03-16,11.68,11.76,11.51,11.56,107678
2023-03-17,11.63,11.97,11.59,11.82,176389
2023-03-20,11.86,12.53,11.85,12.36,372584
2023-03-21,12.4,12.64,12.34,12.48,256836
2023-03-22,12.42,12.83,12.42,12.75,283692
2023-03-23,12.81,12.98,12.76,12.9,251509
2023-03-24,12.95,13.15,12.9,13.06,305312
2023-03-27,13.01,13.19,12.79,12.98,247289
2023-03-28,12.91,12.98,12.64,12.68,204021
2023-03-29,12.76,12.98,12.7,12.84,150791
2023-03-30,12.85,13.09,12.82,13.0,172006
2023-03-31,12.92,13.04,12.76,13.02,149078
2023-04-03,13.02,13.21,12.95,13.08,203566
2023-04-04,13.11,13.35,13.03,13.14,245880
2023-04-06,13.06,13.18,12.89,13.06,198986
2023-04-07,13.16,13.22,13.0,13.12,161940
2023-04-10,13.09,13.46,12.94,13.01,290105
2023-04-11,13.02,13.2,12.95,13.02,162677
2023-04-12,13.17,13.37,12.84,13.15,390520
2023-04-13,13.06,13.18,12.69,12.76,331139
2023-04-14,12.81,13.0,12.67,12.91,207610
2023-04-17,12.9,12.99,12.73,12.79,183409
2023-04-18,12.78,12.98,12.48,12.76,244009
2023-04-19,12.7,13.05,12.68,12.78,202802
2023-04-20,12.73,12.83,12.65,12.76,160330
2023-04-21,12.73,12.77,12.06,12.07,234897
2023-04-24,12.02,12.07,11.69,11.76,198099
2023-04-25,11.7,11.72,10.84,11.05,386967
2023-04-26,11.1,11.23,10.35,10.64,422674
2023-04-27,10.63,10.72,10.38,10.45,255342
2023-04-28,10.45,10.79,10.42,10.72,213215
2023-05-04,10.72,10.75,10.48,10.61,239321
2023-05-05,10.57,10.57,10.25,10.41,207411
2023-05-08,10.5,10.8,10.5,10.69,266428
2023-05-09,10.67,10.92,10.41,10.51,359127
2023-05-10,10.51,10.58,10.18,10.33,235931
2023-05-11,10.33,10.49,10.3,10.35,202297
2023-05-12,10.34,10.39,10.18,10.24,126251
2023-05-15,10.25,10.4,10.0,10.39,189389
2023-05-16,10.55,10.87,10.38,10.72,326502
2023-05-17,10.73,10.89,10.62,10.76,241129
2023-05-18,10.75,10.99,10.74,10.86,234273
2023-05-19,10.9,11.16,10.81,11.04,245833
2023-05-22,11.09,11.23,10.98,11.08,245480
2023-05-23,11.05,11.15,10.94,11.02,166386
2023-05-24,10.93,11.28,10.89,11.14,189255
2023-05-25,11.14,11.25,10.84,11.05,160269
2023-05-26,11.05,11.2,11.0,11.19,105748
2023-05-29,11.22,11.35,11.16,11.25,137238
2023-05-30,11.2,11.27,11.02,11.24,175839
2023-05-31,11.18,11.26,11.03,11.13,151172
2023-06-01,11.08,11.37,10.9,11.25,240805
2023-06-02,11.42,11.52,11.13,11.36,246401
2023-06-05,11.34,11.38,11.18,11.3,147358
2023-06-06,11.24,11.24,10.71,10.73,288257
2023-06-07,10.81,11.11,10.69,10.97,205695
2023-06-08,11.01,11.01,10.6,10.74,148480
2023-06-09,10.76,10.76,10.52,10.66,149186
2023-06-12,10.79,11.21,10.71,11.1,287046
2023-06-13,11.11,11.62,11.06,11.56,301721
2023-06-14,11.55,11.56,11.35,11.38,145576
2023-06-15,11.48,11.6,11.38,11.48,167632
2023-06-16,11.46,11.6,11.37,11.55,150179
2023-06-19,11.55,11.62,11.34,11.54,134733
2023-06-20,11.55,11.64,11.43,11.56,158024
2023-06-21,11.54,11.56,11.38,11.41,157538
2023-06-26,11.37,11.39,11.0,11.05,165548
2023-06-27,11.1,11.13,10.88,11.07,117650
2023-06-28,11.02,11.05,10.51,10.68,227045
2023-06-29,10.63,11.26,10.63,11.15,258141
2023-06-30,11.08,11.45,11.04,11.24,159100
2023-07-03,11.28,11.42,10.86,11.01,301646
2023-07-04,11.05,11.54,11.01,11.42,386426
2023-07-05,11.42,11.42,11.2,11.23,164074
2023-07-06,11.22,11.79,11.12,11.48,313873
2023-07-07,11.5,11.57,11.15,11.18,255454
2023-07-10,11.18,11.23,10.97,11.03,180528
2023-07-11,11.02,11.33,11.02,11.32,175567
2023-07-12,11.3,11.51,11.06,11.07,177184
2023-07-13,11.15,11.26,11.02,11.21,134054
2023-07-14,11.22,11.33,11.14,11.22,134826
2023-07-17,11.2,11.29,11.09,11.29,135571
2023-07-18,11.25,11.48,11.14,11.17,219387
2023-07-19,11.12,11.22,10.97,11.03,138712
2023-07-20,11.04,11.09,10.7,10.75,209881
2023-07-21,10.77,10.8,10.43,10.52,252880
2023-07-24,10.5,10.71,10.43,10.59,111544
2023-07-25,10.8,11.4,10.65,11.2,383415
2023-07-26,11.2,11.2,10.81,10.83,223869
2023-07-27,10.88,10.93,10.59,10.62,168457
2023-07-28,10.62,10.77,10.49,10.74,158744
2023-07-31,10.69,10.86,10.68,10.79,175999
2023-08-01,10.76,10.83,10.65,10.78,125216
2023-08-02,10.74,10.79,10.64,10.69,138922
2023-08-03,10.6,10.69,10.49,10.57,194235
2023-08-04,10.58,10.78,10.58,10.72,143969
2023-08-07,10.73,10.77,10.64,10.76,100980
2023-08-08,10.75,10.8,10.64,10.67,91619
2023-08-09,10.63,10.64,10.47,10.5,124230
2023-08-10,10.48,10.52,10.32,10.37,140770
2023-08-11,10.39,10.4,10.15,10.18,128719
2023-08-14,10.1,10.12,9.73,9.95,209123
2023-08-15,9.92,9.96,9.54,9.71,211542
2023-08-16,9.65,9.76,9.62,9.66,93251
2023-08-17,9.63,9.67,9.45,9.6,140500
2023-08-18,9.58,9.64,9.42,9.42,112210
2023-08-21,9.42,9.57,9.36,9.43,119101
2023-08-22,9.44,9.55,9.24,9.52,148149
2023-08-23,9.5,9.5,9.23,9.24,115753
2023-08-24,9.2,9.46,9.13,9.25,132609
2023-08-25,9.19,9.21,8.94,8.99,147206
2023-08-28,9.41,9.52,9.15,9.18,161658
2023-08-29,9.2,9.55,9.1,9.49,183342
2023-08-30,9.64,9.88,9.6,9.82,240815
2023-08-31,9.8,9.96,9.72,9.9,187569
2023-09-01,9.95,10.08,9.86,9.94,121368
2023-09-04,10.05,10.15,9.93,10.08,142426
2023-09-05,10.06,10.21,10.01,10.07,166815
2023-09-06,10.01,10.18,9.96,10.13,155238
2023-09-07,10.08,10.08,9.82,9.85,151678
2023-09-08,9.87,10.05,9.83,9.99,124509
2023-09-11,10.23,10.58,10.07,10.51,391317
2023-09-12,10.51,10.55,10.2,10.44,236282
2023-09-13,10.25,10.29,9.88,10.0,282143
2023-09-14,10.01,10.03,9.72,9.8,174054
2023-09-15,9.88,9.98,9.72,9.77,115567
2023-09-18,9.65,9.89,9.62,9.72,116005
2023-09-19,9.7,9.7,9.49,9.6,107716
2023-09-20,9.56,9.65,9.53,9.54,75931
2023-09-21,9.5,9.7,9.5,9.61,102650
2023-09-22,9.55,9.91,9.54,9.89,167615
2023-09-25,10.09,10.18,9.98,10.02,193894
2023-09-26,10.0,10.04,9.76,9.77,123636
2023-09-27,9.76,10.05,9.71,9.87,161998
2023-09-28,9.82,10.55,9.79,10.46,461454
2023-10-09,10.73,10.95,10.55,10.83,599946
2023-10-10,10.86,10.96,10.67,10.9,437547
2023-10-11,10.87,11.8,10.81,11.41,813217
2023-10-12,11.37,11.69,11.24,11.38,487486
2023-10-13,11.31,11.85,11.25,11.59,584867
2023-10-16,11.85,11.95,11.26,11.38,559402
2023-10-17,11.44,11.7,11.31,11.49,342303
2023-10-18,11.32,11.49,11.21,11.32,279159
2023-10-19,11.06,11.53,11.04,11.18,279442
2023-10-20,11.13,11.54,11.06,11.1,279108
2023-10-23,11.05,11.86,11.05,11.57,780894
2023-10-24,11.38,12.1,11.3,12.1,801565
2023-10-25,11.95,12.05,11.68,11.88,591773
2023-10-26,11.78,12.25,11.74,12.19,533716
2023-10-27,12.12,12.45,11.92,12.21,488472
2023-10-30,12.36,13.5,12.33,13.5,1061655
2023-10-31,13.6,13.6,12.99,13.1,876474
2023-11-01,13.09,13.38,12.85,13.0,439545
2023-11-02,13.09,13.13,12.66,12.7,448332
2023-11-03,12.72,13.3,12.7,13.06,484622
2023-11-06,13.14,13.52,13.08,13.32,624338
2023-11-07,13.2,13.35,13.05,13.12,391404
2023-11-08,13.15,13.31,13.02,13.14,369155
2023-11-09,13.14,13.17,12.71,12.76,464429
2023-11-10,12.65,13.1,12.62,12.85,338085
2023-11-13,12.93,12.97,12.76,12.88,224855
2023-11-14,12.93,12.95,12.7,12.85,215809
2023-11-15,13.0,13.08,12.71,12.83,248570
2023-11-16,12.73,12.92,12.71,12.75,192516
2023-11-17,12.7,12.95,12.68,12.86,229640
2023-11-20,12.82,12.85,12.53,12.56,387662
2023-11-21,12.56,12.68,12.23,12.29,474260
2023-11-22,12.21,12.38,11.91,12.02,420490
2023-11-23,12.03,12.48,11.98,12.45,390132
2023-11-24,12.46,12.51,12.26,12.34,248132
2023-11-27,12.51,12.8,12.3,12.62,374257
2023-11-28,12.63,12.76,12.39,12.58,289050
2023-11-29,12.48,12.8,12.48,12.54,242904
2023-11-30,12.55,12.63,12.22,12.35,278054
2023-12-01,12.35,12.4,12.17,12.23,299788
2023-12-04,12.18,12.27,11.98,12.09,337300
2023-12-05,12.09,12.11,11.59,11.6,285573
2023-12-06,11.63,11.72,11.51,11.65,243497
2023-12-07,11.66,11.92,11.56,11.74,220281
2023-12-08,11.75,11.95,11.71,11.76,161138
2023-12-11,11.71,12.26,11.61,12.23,377884
2023-12-12,12.24,12.29,11.99,12.14,206654
2023-12-13,12.08,12.24,12.04,12.06,163377
2023-12-14,12.12,12.2,11.87,11.88,169295
2023-12-15,11.89,12.25,11.83,11.99,206359
2023-12-18,11.91,11.95,11.68,11.76,206734
2023-12-19,11.76,12.08,11.73,11.93,172474
2023-12-20,11.96,12.05,11.67,11.78,169012
2023-12-21,11.74,11.88,11.5,11.76,159053
2023-12-22,11.73,11.86,11.54,11.62,169708
2023-12-25,11.62,12.05,11.6,12.0,223475
2023-12-26,11.96,12.16,11.43,11.93,314271
2023-12-27,11.98,12.14,11.7,12.11,277326
2023-12-28,12.07,12.32,11.81,12.18,358243
2023-12-29,12.18,13.05,12.12,12.84,587739
2024-01-02,12.82,13.1,12.7,12.7,379774
2024-01-03,12.66,12.72,12.38,12.64,405308
2024-01-04,12.62,12.66,12.33,12.49,199457
2024-01-05,12.4,12.7,12.15,12.25,197607
2024-01-08,12.12,12.33,11.53,11.57,265944
2024-01-09,11.58,11.96,11.51,11.71,200981
2024-01-10,11.63,11.81,11.18,11.5,240093
2024-01-11,11.47,11.8,11.41,11.74,185251
2024-01-12,11.7,11.73,11.43,11.57,163051
2024-01-15,11.51,11.78,11.38,11.67,183476
2024-01-16,11.73,11.73,11.33,11.6,175546
2024-01-17,11.58,11.62,11.15,11.19,132564
2024-01-18,11.13,11.33,10.82,11.2,210709
2024-01-19,11.15,11.33,10.92,10.96,175262
2024-01-22,10.96,11.05,10.12,10.19,301374
2024-01-23,10.18,10.53,9.99,10.41,264742
2024-01-24,10.48,10.55,9.88,10.42,290511
2024-01-25,10.44,10.99,10.37,10.91,257627
2024-01-26,10.87,10.89,10.46,10.55,189038
2024-01-29,10.5,10.55,9.88,9.95,324191
2024-01-30,9.85,10.05,9.62,9.65,193855
2024-01-31,9.49,9.65,9.1,9.13,295031
2024-02-01,9.09,9.49,8.91,9.21,252094
2024-02-02,9.22,9.4,8.48,8.78,351577
2024-02-05,8.73,8.95,7.91,8.39,469860
2024-02-06,8.41,9.23,8.33,9.15,444083
2024-02-07,9.12,10.14,9.12,10.13,640347
2024-02-08,10.13,10.59,9.99,10.13,501108
2024-02-19,10.32,10.33,9.64,9.91,502899
2024-02-20,9.86,9.97,9.72,9.92,265393
2024-02-21,9.81,10.19,9.74,9.93,275232
2024-02-22,9.9,10.13,9.87,10.06,262383
2024-02-23,10.1,10.18,9.83,10.17,312831
2024-02-26,10.12,10.57,10.12,10.34,348808
2024-02-27,10.26,10.64,10.15,10.64,261298
2024-02-28,10.61,10.73,10.03,10.09,390831
2024-02-29,10.01,10.57,10.0,10.57,299554
2024-03-01,10.6,10.97,10.59,10.89,307362
2024-03-04,10.9,11.19,10.88,11.0,307202
2024-03-05,10.9,11.31,10.85,11.13,427801
2024-03-06,11.07,11.72,10.69,11.27,545800
2024-03-07,11.17,11.25,10.75,10.75,370869
2024-03-08,10.74,11.16,10.71,11.13,247388
2024-03-11,11.07,11.5,10.94,11.46,344037
2024-03-12,11.5,11.9,11.33,11.75,488109
2024-03-13,11.75,12.0,11.66,11.8,350549
2024-03-14,11.72,11.96,11.59,11.77,326078
2024-03-15,11.8,12.44,11.7,12.39,492738
2024-03-18,13.7,13.7,13.22,13.46,1591188
2024-03-19,13.6,14.58,13.4,14.24,1868391
2024-03-20,14.13,14.62,14.07,14.3,1363527
2024-03-21,14.08,14.54,13.87,14.16,1005862
2024-03-22,14.38,14.9,14.18,14.85,1497547
2024-03-25,15.1,15.2,13.36,13.37,1859846
2024-03-26,13.3,13.62,12.96,13.02,1131442
2024-03-27,13.02,13.44,12.96,12.96,900733
2024-03-28,13.1,13.99,13.09,13.51,1009652
2024-03-29,13.58,14.48,13.38,14.48,956185
2024-04-01,14.3,14.41,13.82,14.13,1007848
2024-04-02,14.15,14.2,13.58,13.86,768299
2024-04-03,13.9,14.55,13.86,14.28,1005436
2024-04-08,13.97,14.14,13.6,13.6,692573
2024-04-09,13.55,14.29,13.4,14.18,734075
2024-04-10,14.03,14.1,13.4,13.51,596587
2024-04-11,13.36,13.68,13.17,13.25,487151
2024-04-12,13.16,13.48,13.15,13.21,411197
2024-04-15,13.23,13.44,12.95,13.26,491048
2024-04-16,13.1,13.18,12.52,12.69,624611
2024-04-17,13.0,13.35,12.78,13.25,578629
2024-04-18,13.23,13.46,12.9,12.92,655530
2024-04-19,12.66,12.74,12.24,12.45,716184
2024-04-22,12.23,12.5,12.0,12.4,357971
2024-04-23,12.59,12.61,12.25,12.32,264647
2024-04-24,12.38,12.58,12.23,12.49,325772
2024-04-25,12.45,12.8,12.36,12.57,354260
2024-04-26,12.52,13.3,12.5,13.21,487486
2024-04-29,13.2,13.67,13.06,13.63,444541
2024-04-30,13.92,14.53,13.86,14.03,673752
2024-05-06,14.33,14.53,14.23,14.33,465676
2024-05-07,14.39,14.43,14.0,14.05,358193
2024-05-08,14.0,14.04,13.66,13.75,265460
2024-05-09,13.71,13.99,13.71,13.89,258403
2024-05-10,13.92,14.27,13.87,14.04,439279
2024-05-13,13.88,14.66,13.88,14.45,552755
2024-05-14,14.3,14.75,14.3,14.42,380244
2024-05-15,14.33,14.86,14.22,14.4,383521
2024-05-16,14.46,14.58,14.15,14.39,379604
2024-05-17,14.25,14.78,14.23,14.68,345347
2024-05-20,14.68,14.78,14.37,14.71,292334
2024-05-21,14.65,15.04,14.57,14.8,373218
2024-05-22,14.7,14.9,14.6,14.78,254929
2024-05-23,14.65,14.92,14.57,14.67,267114
2024-05-24,14.6,14.75,14.19,14.27,329655
2024-05-27,14.35,14.54,14.16,14.5,263303
2024-05-28,14.48,14.55,14.21,14.25,218770
2024-05-29,14.22,14.36,14.04,14.17,292829
2024-05-30,14.06,14.89,13.92,14.69,448284
2024-05-31,14.71,14.93,14.53,14.6,298243
2024-06-03,14.56,15.03,14.53,14.75,430220
2024-06-04,14.58,14.79,14.46,14.76,325972
2024-06-05,14.73,14.88,14.58,14.61,330926
2024-06-06,14.7,15.96,14.62,15.5,852290
2024-06-07,15.4,15.65,14.61,14.74,704157
2024-06-11,14.42,14.98,14.03,14.92,394132
2024-06-12,15.22,16.45,15.21,15.8,974949
2024-06-13,15.7,16.18,15.46,15.59,637797
2024-06-14,15.47,15.9,15.41,15.78,597580
2024-06-17,15.75,16.6,15.61,16.32,725637
2024-06-18,16.33,16.51,16.2,16.46,374919
2024-06-19,16.45,16.45,15.84,16.06,389226
2024-06-20,15.99,16.15,15.69,15.77,282892
2024-06-21,15.73,16.23,15.54,16.2,360497
2024-06-24,16.0,16.49,15.65,15.73,320384
2024-06-25,15.68,15.94,15.41,15.66,263930
2024-06-26,15.59,16.31,15.4,16.28,384643
2024-06-27,16.12,16.71,15.99,16.04,579585
2024-06-28,15.8,16.87,15.77,16.58,465639
2024-07-01,16.56,17.92,16.49,17.8,683170
2024-07-02,17.63,17.88,17.02,17.16,499889
2024-07-03,17.1,17.33,16.75,17.05,333437
2024-07-04,17.05,17.42,16.85,17.06,283092
2024-07-05,16.96,17.17,16.36,17.02,312417
2024-07-08,17.02,17.41,16.71,17.22,351656
2024-07-09,17.1,18.79,16.93,18.3,720013
2024-07-10,18.01,18.39,17.88,18.33,441032
2024-07-11,18.58,20.2,18.1,20.2,790719
2024-07-12,20.14,20.18,18.3,19.13,1616157
2024-07-15,19.09,20.45,18.64,19.72,1027913
2024-07-16,19.66,20.54,19.39,20.25,1010323
2024-07-17,19.95,20.04,18.88,18.91,889322
2024-07-18,18.51,18.72,17.75,18.33,778980
2024-07-19,18.16,18.99,17.9,18.51,574648
2024-07-22,18.29,18.65,17.81,18.39,495468
2024-07-23,18.42,18.48,17.7,17.81,437642
2024-07-24,17.71,18.17,17.45,17.48,409500
2024-07-25,17.27,17.44,16.72,17.15,446402
2024-07-26,17.2,17.67,16.88,17.35,290779
2024-07-29,17.3,17.93,16.85,17.64,392058
2024-07-30,17.55,17.78,17.26,17.53,264473
2024-07-31,17.47,17.99,17.22,17.83,474925
2024-08-01,17.9,18.18,17.61,17.77,367254
2024-08-02,17.39,17.96,17.28,17.46,298932
2024-08-05,16.71,17.3,16.41,16.42,520972
2024-08-06,16.8,16.95,16.43,16.66,278532
2024-08-07,16.7,16.86,16.35,16.51,247981
2024-08-08,16.32,17.05,16.15,16.85,332374
2024-08-09,16.93,17.65,16.85,17.35,407847
2024-08-12,17.24,17.66,17.15,17.2,203020
2024-08-13,17.23,17.74,17.2,17.51,199644
2024-08-14,17.75,17.81,17.21,17.53,290173
2024-08-15,17.42,17.91,17.2,17.32,419032
2024-08-16,17.5,17.68,17.33,17.4,325406
2024-08-19,17.31,17.6,17.08,17.12,254221
2024-08-20,17.19,17.4,17.04,17.24,230427
2024-08-21,17.13,18.17,17.0,17.75,488987
2024-08-22,17.65,17.74,16.89,17.42,421816
2024-08-23,17.3,17.5,17.02,17.3,278832
2024-08-26,17.29,17.51,16.8,16.97,388216
2024-08-27,16.85,16.9,16.15,16.23,444486
2024-08-28,16.28,16.57,16.08,16.11,284859
2024-08-29,16.12,16.83,15.88,16.57,398384
2024-08-30,16.54,17.87,16.5,17.45,642005
2024-09-02,17.55,17.55,16.6,16.6,427935
2024-09-03,16.5,17.1,16.5,16.75,285982
2024-09-04,16.4,16.47,15.89,16.32,299135
2024-09-05,16.3,16.35,16.0,16.11,218193
2024-09-06,16.07,16.18,15.6,15.66,274574
2024-09-09,15.6,15.79,15.44,15.66,243507
2024-09-10,15.69,15.9,15.1,15.76,301958
2024-09-11,15.69,15.8,15.46,15.6,161917
2024-09-12,15.66,15.8,15.24,15.27,202719
2024-09-13,15.27,16.14,15.27,15.72,366517
2024-09-18,15.47,15.55,14.77,14.91,342419
2024-09-19,15.05,15.14,14.7,14.91,322644
2024-09-20,14.99,15.45,14.84,15.28,290664
2024-09-23,15.29,16.0,15.08,15.43,279141
2024-09-24,15.54,16.27,15.33,16.06,332559
2024-09-25,16.1,16.72,16.06,16.29,450330
2024-09-26,16.2,16.48,15.66,16.15,535995
2024-09-27,16.28,17.36,16.13,16.91,627474
2024-09-30,17.5,18.58,17.36,18.53,628598
2024-10-08,20.42,20.42,18.32,20.1,957580
2024-10-09,19.71,20.59,18.8,19.21,736438
2024-10-10,19.38,20.09,18.85,19.46,479483
2024-10-11,19.37,19.37,18.2,18.43,377417
2024-10-14,18.4,19.14,17.72,19.08,575472
2024-10-15,18.99,19.05,18.0,18.01,627617
2024-10-16,17.71,17.9,17.28,17.66,365895
2024-10-17,17.75,18.24,17.63,17.68,347755
2024-10-18,17.68,19.19,17.55,18.72,610621
2024-10-21,19.08,20.31,18.6,19.34,835067
2024-10-22,19.36,19.82,18.48,19.2,789238
2024-10-23,19.01,19.46,18.56,18.97,508883
2024-10-24,18.75,18.81,18.12,18.56,512308
2024-10-25,18.65,18.97,18.28,18.66,367872
2024-10-28,18.88,19.3,18.52,19.01,443786
2024-10-29,20.93,20.94,20.75,20.94,647238
2024-10-30,21.8,22.95,21.23,22.66,1995221
2024-10-31,22.39,23.58,21.58,22.57,1721180
2024-11-01,22.47,23.39,21.61,21.98,1563907
2024-11-04,21.8,22.34,21.36,21.73,1022817
2024-11-05,21.84,22.62,21.68,22.05,1435349
2024-11-06,22.03,22.69,21.18,21.42,1261041
2024-11-07,21.0,21.45,20.61,21.31,854845
2024-11-08,21.38,21.98,21.16,21.38,841703
2024-11-11,21.38,22.87,21.02,22.63,1236415
2024-11-12,22.77,24.12,22.59,23.2,1566416
2024-11-13,22.78,23.15,22.27,22.81,726288
2024-11-14,22.8,23.04,21.85,21.89,633067
2024-11-15,21.67,22.89,21.67,21.77,839565
2024-11-18,21.8,21.98,20.55,20.75,593674
2024-11-19,20.97,21.97,20.86,21.8,607736
2024-11-20,21.8,21.98,21.32,21.71,522280
2024-11-21,21.59,21.66,20.66,20.92,774961
2024-11-22,20.82,21.32,20.2,20.2,590077
2024-11-25,20.11,20.29,19.55,19.98,453944
2024-11-26,19.85,20.15,19.8,19.91,285008
2024-11-27,19.91,20.67,19.6,20.53,484452
2024-11-28,20.39,20.43,20.0,20.1,373939
2024-11-29,20.01,20.67,19.91,20.2,393193
2024-12-02,20.17,21.4,20.09,21.06,639408
2024-12-03,21.07,21.29,20.82,21.1,347334
2024-12-04,20.9,21.06,20.7,20.82,267989
2024-12-05,20.76,20.96,20.46,20.5,324380
2024-12-06,20.54,21.0,20.51,20.83,367740
2024-12-09,20.92,21.18,20.26,20.36,396089
2024-12-10,21.13,21.55,20.5,21.11,720126
2024-12-11,20.91,22.01,20.85,21.87,672684
2024-12-12,22.0,22.34,21.48,21.98,549425
2024-12-13,21.25,21.45,20.6,21.16,739458
2024-12-16,21.03,21.15,20.41,20.56,363717
2024-12-17,20.52,21.1,20.37,20.4,300025
2024-12-18,20.39,21.03,20.1,20.76,359095
2024-12-19,20.59,22.4,20.47,22.15,836175
2024-12-20,22.12,23.69,21.95,23.07,994254
2024-12-23,23.41,23.5,22.02,22.09,807362
2024-12-24,22.29,22.68,21.6,22.47,614385
2024-12-25,22.75,22.9,21.77,21.97,522184
2024-12-26,21.99,22.58,21.65,22.35,469296
2024-12-27,22.56,23.17,22.15,22.25,633751
2024-12-30,22.17,23.68,21.87,23.1,920269
2024-12-31,23.0,23.09,21.82,21.92,657365
2025-01-02,21.74,22.32,20.89,21.3,635748
2025-01-03,21.56,22.3,20.9,21.03,781947
2025-01-06,21.02,21.52,20.1,20.33,628163
2025-01-07,20.45,20.75,20.14,20.7,420853
2025-01-08,20.49,21.04,20.08,20.73,551832
2025-01-09,20.6,21.47,20.52,20.75,565881
2025-01-10,20.55,20.58,19.28,19.91,774555
2025-01-13,19.55,19.68,18.98,19.2,581995
2025-01-14,19.26,20.3,18.79,20.25,595894
2025-01-15,20.16,20.23,19.7,19.72,400988
2025-01-16,19.99,20.33,19.61,19.97,388348
2025-01-17,19.83,20.54,19.75,20.34,462193
2025-01-20,20.58,21.18,20.43,20.81,469968
2025-01-21,21.0,22.18,20.76,21.84,668479
2025-01-22,21.81,22.23,21.65,22.06,567829
2025-01-23,22.29,22.39,21.54,21.6,492685
2025-01-24,21.66,22.22,21.61,22.1,425047
2025-01-27,22.2,22.2,21.47,21.59,281749
2025-02-05,21.89,22.18,21.47,21.71,439243
2025-02-06,21.65,22.98,21.53,22.88,659939
2025-02-07,23.3,23.58,22.69,23.02,731192
2025-02-10,23.07,23.18,22.58,23.02,589184
2025-02-11,23.07,23.49,23.02,23.12,436322
2025-02-12,23.12,23.58,22.94,23.44,503407
2025-02-13,23.44,23.48,22.22,22.3,669761
2025-02-14,22.28,22.55,22.08,22.3,399881
2025-02-17,22.29,22.91,22.23,22.59,401593
2025-02-18,22.59,22.85,22.01,22.09,346230
2025-02-19,22.08,22.7,22.05,22.6,345593
2025-02-20,23.21,24.89,23.18,24.89,1305799
2025-02-21,25.61,25.69,24.86,25.3,1676051
2025-02-24,25.49,26.92,25.49,25.66,1329953
2025-02-25,25.25,26.5,25.0,25.83,1031857
2025-02-26,25.82,26.8,25.49,26.26,955672
2025-02-27,26.29,27.47,25.1,26.92,1138082
2025-02-28,26.3,26.4,24.87,25.07,846568
2025-03-03,25.3,25.55,24.06,24.34,681641
2025-03-04,24.0,24.88,24.0,24.74,466323
2025-03-05,24.74,25.33,24.6,24.86,395957
2025-03-06,24.98,25.77,24.98,25.29,573485
2025-03-07,25.79,26.5,25.28,25.45,898441
2025-03-10,25.45,25.76,24.61,24.98,509291
2025-03-11,24.51,24.94,24.28,24.84,466454
2025-03-12,25.19,25.4,24.81,24.82,381431
2025-03-13,24.71,24.71,23.2,23.38,714761
2025-03-14,23.36,23.96,23.1,23.77,477574
2025-03-17,23.82,23.9,23.55,23.79,292803
2025-03-18,23.86,24.35,23.68,24.0,353266
2025-03-19,23.93,24.0,23.39,23.8,375049
2025-03-20,23.65,24.0,23.59,23.62,279452
2025-03-21,23.42,23.56,22.78,22.81,353833
2025-03-24,22.99,23.57,22.59,23.14,382113
2025-03-25,23.03,23.27,22.15,22.31,356136
2025-03-26,22.31,22.66,22.25,22.31,215267
2025-03-27,22.28,22.76,21.95,22.53,251880
2025-03-28,22.45,22.63,22.4,22.43,179582
2025-03-31,22.4,22.65,22.05,22.6,252212
2025-04-01,22.7,22.79,22.34,22.39,271040
2025-04-02,22.47,22.77,22.45,22.64,223670
2025-04-03,22.0,22.21,20.35,20.35,948111
2025-04-07,18.29,18.29,18.29,18.29,92825
2025-04-08,17.2,17.55,16.43,16.44,782285
2025-04-09,15.77,16.78,15.02,16.57,919717
2025-04-10,18.23,18.25,17.24,17.3,874890
2025-04-11,17.1,18.23,17.06,17.98,621107
2025-04-14,19.28,19.42,18.07,18.21,762932
2025-04-15,18.34,18.39,17.65,17.86,396055
2025-04-16,17.75,17.8,17.08,17.3,364680
2025-04-17,17.15,17.66,17.1,17.23,285382
2025-04-18,17.22,17.54,17.15,17.44,233514
2025-04-21,17.49,18.17,17.25,18.09,354259
2025-04-22,17.98,18.04,17.74,17.89,248579
2025-04-23,18.3,18.59,18.07,18.41,495892
2025-04-24,18.4,18.48,18.03,18.16,283223
2025-04-25,18.25,18.99,18.2,18.41,522306
2025-04-28,18.62,18.8,18.29,18.45,313819
2025-04-29,18.47,18.87,18.22,18.62,327938
2025-04-30,18.88,19.45,18.74,19.3,489652
2025-05-06,19.55,19.74,19.49,19.74,422799
2025-05-07,20.15,20.33,19.26,19.42,415122
2025-05-08,19.42,19.97,19.35,19.8,348123
2025-05-09,19.69,19.69,19.15,19.39,279338
2025-05-12,20.26,20.67,19.98,20.62,668316
2025-05-13,21.0,21.16,20.21,20.3,388064
2025-05-14,20.25,20.42,20.0,20.19,265931
2025-05-15,20.04,20.06,19.49,19.53,276388
2025-05-16,19.5,19.74,19.42,19.47,199232
2025-05-19,19.41,19.48,19.05,19.42,197731
2025-05-20,19.48,19.65,19.3,19.55,205395
2025-05-21,19.46,19.54,18.94,19.25,271468
2025-05-22,19.15,19.37,18.98,19.02,175843
2025-05-23,19.06,19.23,18.81,18.81,203965
2025-05-26,18.61,18.9,18.4,18.8,212595
2025-05-27,18.83,18.88,18.31,18.41,192325
2025-05-28,18.48,18.65,18.26,18.28,169793
2025-05-29,18.5,18.98,18.5,18.73,316604
2025-05-30,18.55,18.57,18.02,18.08,272138
2025-06-03,17.97,18.21,17.91,18.1,168160
2025-06-04,18.15,18.95,18.15,18.94,419135
2025-06-05,18.9,19.37,18.68,19.29,366345
2025-06-06,19.29,19.34,19.03,19.12,215640
2025-06-09,19.25,19.43,19.12,19.22,243126
2025-06-10,19.18,19.18,18.63,18.81,239667
2025-06-11,18.83,19.39,18.75,19.11,240266
2025-06-12,19.1,19.65,19.1,19.13,348918
2025-06-13,18.9,19.14,18.63,18.76,253794
2025-06-16,18.7,19.17,18.64,19.01,229813
2025-06-17,19.15,19.75,19.06,19.31,458520
2025-06-18,19.22,19.75,19.2,19.6,391035
2025-06-19,19.59,19.74,19.27,19.39,313713
2025-06-20,19.4,19.45,18.97,18.99,225881
2025-06-23,18.79,19.56,18.79,19.42,332275
2025-06-24,19.61,19.85,19.43,19.76,384208
2025-06-25,19.84,19.99,19.62,19.96,426110
2025-06-26,20.06,20.12,19.53,19.54,479694
2025-06-27,19.7,20.28,19.4,19.78,489172
2025-06-30,19.88,20.04,19.71,19.87,359259
2025-07-01,19.92,20.12,19.65,19.84,396680
2025-07-02,19.78,19.9,19.48,19.58,304117
2025-07-03,19.62,20.69,19.6,20.56,839971
2025-07-04,20.49,20.49,19.85,19.89,588599
2025-07-07,19.88,19.93,19.34,19.43,414723
2025-07-08,19.42,19.92,19.4,19.9,382493
2025-07-09,19.9,20.01,19.69,19.77,262060
2025-07-10,19.77,19.91,19.6,19.75,198347
2025-07-11,19.73,19.83,19.55,19.73,274511
2025-07-14,19.72,19.78,19.45,19.55,298562
2025-07-15,19.48,19.69,19.33,19.58,294803
2025-07-16,19.57,19.9,19.38,19.61,366761
2025-07-17,19.56,20.45,19.5,20.42,741552
2025-07-18,20.39,20.42,19.99,20.06,461655
2025-07-21,20.14,20.36,19.95,20.31,329501
2025-07-22,20.28,20.54,20.13,20.3,390388
2025-07-23,20.56,20.7,20.17,20.31,457473
2025-07-24,20.4,20.5,20.21,20.36,331143
2025-07-25,20.48,20.67,20.35,20.48,351210
2025-07-28,20.71,21.02,20.52,20.86,492135
2025-07-29,20.74,20.92,20.46,20.9,387517
2025-07-30,20.9,21.38,20.72,21.04,502781
2025-07-31,21.02,21.56,20.63,20.8,706786
2025-08-01,20.82,21.33,20.58,20.72,438180
2025-08-04,20.48,20.69,20.33,20.68,297916
2025-08-05,20.7,20.92,20.62,20.72,284004
2025-08-06,20.64,20.89,20.47,20.87,321585
2025-08-07,21.04,21.74,21.04,21.27,702737
2025-08-08,21.27,21.27,20.62,20.73,433948
2025-08-11,20.85,21.9,20.8,21.56,806049
2025-08-12,21.58,21.77,21.41,21.65,422202
2025-08-13,21.77,22.12,21.52,22.08,580961
2025-08-14,22.0,22.11,21.43,21.68,529468
2025-08-15,21.61,22.28,21.57,22.05,481820
2025-08-18,22.26,23.58,22.25,23.34,803029
2025-08-19,23.34,23.71,23.16,23.33,643967
2025-08-20,23.55,25.67,23.15,25.19,1332859
2025-08-21,25.06,25.76,24.7,25.27,1067761
2025-08-22,25.11,25.4,24.82,25.26,819387
2025-08-25,25.95,26.94,25.9,26.41,1073851
2025-08-26,26.42,29.06,26.08,28.1,1441297
2025-08-27,28.1,28.45,26.91,27.08,1270439
2025-08-28,27.05,27.78,26.64,27.72,1077779
2025-08-29,27.72,28.07,26.9,27.72,833965
2025-09-01,27.72,28.1,26.8,27.22,760349
2025-09-02,27.1,27.1,25.42,25.6,1063976
2025-09-03,25.61,26.01,25.18,25.33,640690
2025-09-04,25.6,26.09,24.84,25.28,807186
2025-09-05,25.49,25.98,24.98,25.88,513437
2025-09-08,26.15,26.83,26.08,26.37,633878
2025-09-09,26.03,26.15,25.51,25.75,427582
2025-09-10,25.56,26.3,25.41,25.77,397853
2025-09-11,25.54,26.78,25.35,26.7,657427
2025-09-12,26.7,26.78,26.24,26.31,464436
2025-09-15,26.79,27.6,26.56,26.91,697658
2025-09-16,26.9,27.78,26.62,27.46,631945
2025-09-17,27.69,27.88,27.16,27.6,571550
2025-09-18,27.42,27.8,26.41,26.86,847264
2025-09-19,26.98,28.09,26.87,27.16,727084
2025-09-22,27.72,28.47,27.65,28.09,802028
2025-09-23,27.4,27.55,26.01,26.9,906865
2025-09-24,26.6,27.43,26.37,27.43,576122
2025-09-25,27.21,28.26,27.15,27.53,537492
2025-09-26,27.38,27.54,26.1,26.12,552654
2025-09-29,26.11,26.48,25.7,26.21,438880
2025-09-30,26.26,26.75,26.06,26.44,383291
2025-10-09,27.0,29.08,27.0,28.35,1413907
2025-10-10,28.1,28.18,26.89,27.0,975333
2025-10-13,24.87,25.94,24.63,25.81,672947
2025-10-14,26.11,26.45,24.4,24.51,617605
2025-10-15,24.57,25.58,24.23,25.56,445119
2025-10-16,25.38,25.59,24.63,24.76,338754
2025-10-17,24.89,24.93,23.5,23.55,405464
2025-10-20,23.95,24.33,23.7,23.9,259930
2025-10-21,24.5,25.0,24.32,24.58,383090
2025-10-22,24.34,24.74,24.28,24.42,203959
2025-10-23,24.26,24.37,23.78,24.31,206634
2025-10-24,24.48,25.29,24.41,25.24,356296
2025-10-27,25.77,25.89,25.0,25.39,390504
2025-10-28,25.6,25.88,25.3,25.46,311677
2025-10-29,25.49,25.97,25.16,25.97,389469
2025-10-30,25.9,25.9,25.01,25.11,351653
2025-10-31,25.3,25.47,24.96,24.98,286161
2025-11-03,24.86,25.18,24.41,25.17,284429
2025-11-04,25.04,25.09,24.36,24.58,274322
2025-11-05,24.12,24.46,23.97,24.21,202271
2025-11-06,24.18,24.79,24.02,24.77,287037
2025-11-07,24.45,24.7,24.21,24.59,193124
2025-11-10,24.51,24.65,23.93,24.18,279926
2025-11-11,24.23,24.43,23.88,23.88,219969
2025-11-12,23.81,24.35,23.72,24.17,256598
2025-11-13,24.06,24.24,23.9,24.15,194987
